1 0 0 1 1 1 0 0 0 0
1 1 1 2 1 3
1 1 1 2 3 1 1 1 2 3 4 1 1 1 2 3 4 5
1 1 2 1 2 3
1 1 2 3 1 2 2 3 1 2 3 3 1 1 2 3 1 2 2 3
1 1 2 3 1 2 2 3 1 2 3 3 1 2 2 3 1 1 2 3
1 18 1 17 2 18 1 17 2 16 3 18 1 17 2 16
1 18 17 1 2 18 17 16 1 2 3 18 17 16 15
1 2 1 1 2 3 2 1 1 2 3 4 3 2 1
1 2 2 3 3 1 1 2 3 3 4 4 1 1 2 2 3 4 4 5 5
1 2 2 3 3 3
1 2 3 1 2 3
1 2 3 17 3 4 5 17 5 6 7 17
1 2 3 3 4 4 5 5 5 6 6 6
1 2 3 3 4 5 6 1 2 3 4 4 4 5 6 1 2 3 4 5 5 5 5 6
1 2 3 4 18 6 7 8 9
1 2 3 4 5 6
1 4 9 16 25 36
1 7 1 7 1 7 1 7 1 7
1 7 19 1 7 19 1 7 19 1 7 19
1 7 19 2 8 20 21 3 9 22 23 24
1 7 19 2 8 20 3 9 21
1 7 2 7 3 7 4 7
1 9 25 49 81
11 19 12 18 13 17
15 14 15 13 14 15
17 1 2 3 4 5 6
17 10 16 11 15 12
17 18 17 19 18 17
19 19 18 19 18 17
2 1 2 2 2 2 2 3 2 2 4 2 2 5 2
2 2 2 3 3 3 3 4 4 4 4 4
2 5 10 17 26
21 19 22 20 23 21
23 29 22 28 21 27
24 24 25 24 25 26
4 7 10 13 16
5 4 3 4 5 4 3 4 5
5 5 5 5 5 5 4 4 4 4 4 3 3 3 3
6 2 6 5 2 7 4 2 8
1 1 1 1 1 1
1 1 2 2 1 1 1 2 2 3 3 2 1 1 1 2 2 3 3 4 4 3 2 1
1 2 2 3 4 1 2 3 3 4 5 1 2 3 4 4 5 6
1 2 3 1 2 2 3 1 2 2 2 3
1 2 3 4 6 1 2 3 4 5 7 1 2 3 4 5 6 8
2 5 10 17 26 37 50 65
3 4 5 4 3 4 5 4 3 4 5 4
5 6 1 2 3 5 6 7 1 2 3 4 5 6 7 8 1 2 3 4 5
7 7 8 7 8 9 7 8 9 10
7 7 7 7 7 7 7 7
1 0 0 1 1 1 0 0 0 0
1 1 1 2 1 3
1 1 1 2 3 1 1 1 2 3 4 1 1 1 2 3 4 5
1 1 2 1 2 3
1 1 2 3 1 2 2 3 1 2 3 3 1 1 2 3 1 2 2 3
1 1 2 3 1 2 2 3 1 2 3 3 1 2 2 3 1 1 2 3
1 18 1 17 2 18 1 17 2 16 3 18 1 17 2 16
1 18 17 1 2 18 17 16 1 2 3 18 17 16 15
1 2 1 1 2 3 2 1 1 2 3 4 3 2 1
1 2 2 3 3 1 1 2 3 3 4 4 1 1 2 2 3 4 4 5 5
1 2 2 3 3 3
1 2 2 3 4 5 6 1 2 3 3 3 4 5 6 1 2 3 4 4 4 4 5 6
1 2 3 1 2 3
1 2 3 17 3 4 5 17 5 6 7 17
1 2 3 3 4 4 5 5 5 6 6 6
1 2 3 4 18 5 6 7 8
1 2 3 4 5 6
1 4 9 16 25 36
1 7 1 2 8 1 2 3 9
1 7 1 7 1 7 1 7 1 7
1 7 19 1 7 19 1 7 19 1 7 19
1 7 19 2 8 19 20 3 9 19 20 21
1 7 2 7 3 7 4 7
1 9 25 49 81
11 19 12 18 13 17
15 14 15 13 14 15
17 1 2 3 4 5 6
17 10 16 11 15 12
17 18 17 19 18 17
19 19 18 19 18 17
2 2 2 3 3 3 3 4 4 4 4 4
2 5 10 17 26
21 19 22 20 23 21
23 29 22 28 21 27
24 24 25 24 25 26
4 7 10 13 16
5 4 3 4 5 4 3 4 5
5 5 5 5 5 5 4 4 4 4 4 3 3 3 3
6 2 6 7 2 5 8 2 4
7 1 7 7 2 7 7 3 7 7 4 7
1 1 1 1 1 1
1 1 2 2 1 1 1 2 2 3 3 2 1 1 1 2 2 3 3 4 4 3 2 1
1 2 2 3 4 1 2 3 3 4 5 1 2 3 4 4 5 6
1 2 3 1 2 2 3 1 2 2 2 3
1 2 3 4 6 1 2 3 4 5 7 1 2 3 4 5 6 8
2 5 10 17 26 37 50 65
3 4 5 4 3 4 5 4 3 4 5 4
5 6 1 2 3 5 6 7 1 2 3 4 5 6 7 8 1 2 3 4 5
7 7 8 7 8 9 7 8 9 10
7 7 7 7 7 7 7 7
1 0 0 1 1 1 0 0 0 0
1 1 1 2 1 3
1 1 1 2 3 1 1 1 2 3 4 1 1 1 2 3 4 5
1 1 2 1 2 3
1 1 2 2 3 3 3 4 4 5 5
1 1 2 3 1 2 2 3 1 2 3 3 1 1 2 3 1 2 2 3
1 1 2 3 1 2 2 3 1 2 3 3 1 2 2 3 1 1 2 3
1 18 1 17 2 18 1 17 2 16 3 18 1 17 2 16
1 18 17 1 2 18 17 16 1 2 3 18 17 16 15
1 2 1 1 2 3 2 1 1 2 3 4 3 2 1
1 2 2 3 3 1 1 2 3 3 4 4 1 1 2 2 3 4 4 5 5
1 2 2 3 3 3
1 2 3 1 2 3
1 2 3 17 3 4 5 17 5 6 7 17
1 2 3 3 4 4 5 5 5 6 6 6
1 2 3 3 4 5 6 1 2 3 4 4 4 5 6 1 2 3 4 5 5 5 5 6
1 2 3 4 18 6 7 8 9
1 2 3 4 5 6
1 4 9 16 25 36
1 7 1 7 1 7 1 7 1 7
1 7 19 1 7 19 1 7 19 1 7 19
1 7 19 2 8 20 21 3 9 22 23 24
1 7 2 7 3 7 4 7
1 7 2 8 3 9
1 9 25 49 81
11 19 12 18 13 17
15 14 15 13 14 15
17 10 16 11 15 12
17 18 17 19 18 17
19 19 18 19 18 17
2 1 2 2 2 2 2 3 2 2 4 2
2 5 10 17 26
21 19 22 20 23 21
23 29 22 28 21 27
24 24 25 24 25 26
3 3 4 4 4 5 5 5 5
4 7 10 13 16
5 4 3 4 5 4 3 4 5
5 5 5 6 6 6 6 7 7 7 7 7
6 2 6 5 2 7 4 2 8
1 1 1 1 1 1
1 1 2 2 1 1 1 2 2 3 3 2 1 1 1 2 2 3 3 4 4 3 2 1
1 2 2 3 4 1 2 3 3 4 5 1 2 3 4 4 5 6
1 2 3 1 2 2 3 1 2 2 2 3
1 2 3 4 6 1 2 3 4 5 7 1 2 3 4 5 6 8
2 5 10 17 26 37 50 65
3 4 5 4 3 4 5 4 3 4 5 4
5 6 1 2 3 5 6 7 1 2 3 4 5 6 7 8 1 2 3 4 5
7 7 8 7 8 9 7 8 9 10
7 7 7 7 7 7 7 7
1 0 0 1 1 1 0 0 0 0
1 1 2 1 2 3
1 1 2 3 1 1 1 2 3 4 1 1 1 1 2 3 4 5
1 1 2 3 1 2 2 3 1 2 3 3 1 1 2 3 1 2 2 3
1 1 2 3 1 2 2 3 1 2 3 3 1 2 2 3 1 1 2 3
1 18 1 17 2 18 1 17 2 16 3 18 1 17 2 16
1 18 17 1 2 18 17 16 1 2 3 18 17 16 15
1 2 1 1 2 3 2 1 1 2 3 4 3 2 1
1 2 2 3 3 1 1 2 3 3 4 4 1 1 2 2 3 4 4 5 5
1 2 2 3 3 3
1 2 3 1 2 3
1 2 3 17 3 4 5 17 5 6 7 17
1 2 3 3 4 4 5 5 5 6 6 6
1 2 3 3 4 5 6 1 2 3 4 4 4 5 6 1 2 3 4 5 5 5 5 6
1 2 3 4 18 5 6 7 8
1 2 3 4 5 6
1 4 1 5 1 6
1 4 9 16 25 36
1 7 1 7 1 7 1 7 1 7
1 7 19 1 7 19 1 7 19 1 7 19
1 7 19 2 8 19 20 3 9 19 20 21
1 7 19 2 8 20 3 9 21
1 9 25 49 81
11 19 12 18 13 17
15 14 15 13 14 15
17 1 2 3 4 5 6
17 10 16 11 15 12
17 18 17 19 18 17
19 19 18 19 18 17
2 1 2 2 2 2 2 3 2 2 4 2 2 5 2
2 5 10 17 26
21 19 22 20 23 21
23 29 22 28 21 27
24 24 25 24 25 26
3 3 4 4 4 5 5 5 5
4 7 10 13 16
5 4 3 4 5 4 3 4 5
5 5 5 6 6 6 6 7 7 7 7 7
6 2 6 5 2 5 4 2 4
6 7 7 7 8 7 9 7
1 1 1 1 1 1
1 1 2 2 1 1 1 2 2 3 3 2 1 1 1 2 2 3 3 4 4 3 2 1
1 2 2 3 4 1 2 3 3 4 5 1 2 3 4 4 5 6
1 2 3 1 2 2 3 1 2 2 2 3
1 2 3 4 6 1 2 3 4 5 7 1 2 3 4 5 6 8
2 5 10 17 26 37 50 65
3 4 5 4 3 4 5 4 3 4 5 4
5 6 1 2 3 5 6 7 1 2 3 4 5 6 7 8 1 2 3 4 5
7 7 8 7 8 9 7 8 9 10
7 7 7 7 7 7 7 7
1 0 0 1 1 1 0 0 0 0
1 1 1 2 1 3
1 1 2 1 2 3
1 1 2 2 3 3 3 4 4 5 5
1 1 2 3 1 2 2 2 3 4 1 2 3 3 3 3 4 5
1 1 2 3 1 2 2 3 1 2 3 3 1 1 2 3 1 2 2 3
1 1 2 3 1 2 2 3 1 2 3 3 1 2 2 3 1 1 2 3
1 18 1 17 2 18 1 17 2 16 3 18 1 17 2 16
1 18 17 1 2 18 17 16 1 2 3 18 17 16 15
1 2 1 1 2 3 2 1 1 2 3 4 3 2 1
1 2 2 3 3 1 1 2 3 3 4 4 1 1 2 2 3 4 4 5 5
1 2 3 1 2 3
1 2 3 17 3 4 5 17 5 6 7 17
1 2 3 3 4 4 5 5 5 6 6 6
1 2 3 3 4 5 6 1 2 3 4 4 4 5 6 1 2 3 4 5 5 5 5 6
1 2 3 4 18 5 6 7 8
1 2 3 4 5 6
1 4 9 16 25 36
1 7 1 7 1 7 1 7 1 7
1 7 19 1 7 19 1 7 19 1 7 19
1 7 19 2 8 20 21 3 9 22 23 24
1 7 2 7 3 7 4 7
1 7 2 8 3 9
1 9 25 49 81
11 19 12 18 13 17
15 14 15 13 14 15
17 10 16 11 15 12
17 18 17 19 18 17
19 19 18 19 18 17
2 2 3 3 3 4 4 4 4
2 5 10 17 26
21 19 22 20 23 21
23 29 22 28 21 27
24 24 25 24 25 26
4 7 10 13 16
5 4 3 4 5 4 3 4 5
5 5 5 5 5 5 4 4 4 4 4 3 3 3 3
6 2 6 7 2 7 8 2 8
7 1 7 7 2 7 7 3 7 7 4 7
1 1 1 1 1 1
1 1 2 2 1 1 1 2 2 3 3 2 1 1 1 2 2 3 3 4 4 3 2 1
1 2 2 3 4 1 2 3 3 4 5 1 2 3 4 4 5 6
1 2 3 1 2 2 3 1 2 2 2 3
1 2 3 4 6 1 2 3 4 5 7 1 2 3 4 5 6 8
2 5 10 17 26 37 50 65
3 4 5 4 3 4 5 4 3 4 5 4
5 6 1 2 3 5 6 7 1 2 3 4 5 6 7 8 1 2 3 4 5
7 7 8 7 8 9 7 8 9 10
7 7 7 7 7 7 7 7
1 0 0 1 1 1 0 0 0 0
1 1 2 1 2 3
1 1 2 3 1 1 1 2 3 4 1 1 1 1 2 3 4 5
1 1 2 3 1 2 2 3 1 2 3 3 1 1 2 3 1 2 2 3
1 1 2 3 1 2 2 3 1 2 3 3 1 2 2 3 1 1 2 3
1 18 1 17 2 18 1 17 2 16 3 18 1 17 2 16
1 18 17 1 2 18 17 16 1 2 3 18 17 16 15
1 2 1 1 2 3 2 1 1 2 3 4 3 2 1
1 2 2 3 3 1 1 2 3 3 4 4 1 1 2 2 3 4 4 5 5
1 2 3 1 2 3
1 2 3 17 3 4 5 17 5 6 7 17
1 2 3 3 4 4 5 5 5 6 6 6
1 2 3 3 4 5 6 1 2 3 4 4 4 5 6 1 2 3 4 5 5 5 5 6
1 2 3 4 18 6 7 8 9
1 2 3 4 5 6
1 4 1 5 1 6
1 4 9 16 25 36
1 7 1 2 8 1 2 3 9
1 7 1 7 1 7 1 7 1 7
1 7 19 1 7 19 1 7 19 1 7 19
1 7 19 2 8 19 20 3 9 19 20 21
1 7 2 7 3 7 4 7
1 9 25 49 81
11 19 12 18 13 17
15 14 15 13 14 15
17 1 2 3 4 5 6
17 10 16 11 15 12
17 18 17 19 18 17
19 19 18 19 18 17
2 1 2 2 2 2 2 3 2 2 4 2 2 5 2
2 2 3 3 3 4 4 4 4
2 5 10 17 26
21 19 22 20 23 21
23 29 22 28 21 27
24 24 25 24 25 26
3 3 3 4 4 4 4 5 5 5 5 5
4 7 10 13 16
5 4 3 4 5 4 3 4 5
5 5 5 5 5 5 6 6 6 6 6 7 7 7 7
6 2 6 5 2 7 4 2 8
1 1 1 1 1 1
1 1 2 2 1 1 1 2 2 3 3 2 1 1 1 2 2 3 3 4 4 3 2 1
1 2 2 3 4 1 2 3 3 4 5 1 2 3 4 4 5 6
1 2 3 1 2 2 3 1 2 2 2 3
1 2 3 4 6 1 2 3 4 5 7 1 2 3 4 5 6 8
2 5 10 17 26 37 50 65
3 4 5 4 3 4 5 4 3 4 5 4
5 6 1 2 3 5 6 7 1 2 3 4 5 6 7 8 1 2 3 4 5
7 7 8 7 8 9 7 8 9 10
7 7 7 7 7 7 7 7
1 0 0 1 1 1 0 0 0 0
1 1 2 1 2 3
1 1 2 2 3 3 3 4 4 5 5
1 1 2 3 1 1 1 2 3 4 1 1 1 1 2 3 4 5
1 1 2 3 1 2 2 3 1 2 3 3 1 1 2 3 1 2 2 3
1 1 2 3 1 2 2 3 1 2 3 3 1 2 2 3 1 1 2 3
1 18 1 17 2 18 1 17 2 16 3 18 1 17 2 16
1 18 17 1 2 18 17 16 1 2 3 18 17 16 15
1 2 1 1 2 3 2 1 1 2 3 4 3 2 1
1 2 2 3 3 1 1 2 3 3 4 4 1 1 2 2 3 4 4 5 5
1 2 2 3 4 5 6 1 2 3 3 3 4 5 6 1 2 3 4 4 4 4 5 6
1 2 3 1 2 3
1 2 3 17 3 4 5 17 5 6 7 17
1 2 3 3 4 4 5 5 5 6 6 6
1 2 3 4 18 6 7 8 9
1 2 3 4 5 6
1 4 1 5 1 6
1 4 9 16 25 36
1 7 1 2 8 1 2 3 9
1 7 1 7 1 7 1 7 1 7
1 7 19 1 7 19 1 7 19 1 7 19
1 7 19 2 8 20 21 3 9 22 23 24
1 7 2 7 3 7 4 7
1 9 25 49 81
11 19 12 18 13 17
15 14 15 13 14 15
17 10 16 11 15 12
17 18 17 19 18 17
19 19 18 19 18 17
2 1 2 2 2 2 2 3 2 2 4 2
2 2 3 3 3 4 4 4 4
2 5 10 17 26
21 19 22 20 23 21
23 29 22 28 21 27
24 24 25 24 25 26
3 3 3 4 4 4 4 5 5 5 5 5
4 7 10 13 16
5 4 3 4 5 4 3 4 5
5 5 5 4 4 4 4 3 3 3 3 3
6 2 6 7 2 7 8 2 8
1 1 1 1 1 1
1 1 2 2 1 1 1 2 2 3 3 2 1 1 1 2 2 3 3 4 4 3 2 1
1 2 2 3 4 1 2 3 3 4 5 1 2 3 4 4 5 6
1 2 3 1 2 2 3 1 2 2 2 3
1 2 3 4 6 1 2 3 4 5 7 1 2 3 4 5 6 8
2 5 10 17 26 37 50 65
3 4 5 4 3 4 5 4 3 4 5 4
5 6 1 2 3 5 6 7 1 2 3 4 5 6 7 8 1 2 3 4 5
7 7 8 7 8 9 7 8 9 10
7 7 7 7 7 7 7 7
1 0 0 1 1 1 0 0 0 0
1 1 1 2 1 3
1 1 2 1 2 3
1 1 2 3 1 2 2 2 3 4 1 2 3 3 3 3 4 5
1 1 2 3 1 2 2 3 1 2 3 3 1 1 2 3 1 2 2 3
1 1 2 3 1 2 2 3 1 2 3 3 1 2 2 3 1 1 2 3
1 18 1 17 2 18 1 17 2 16 3 18 1 17 2 16
1 18 17 1 2 18 17 16 1 2 3 18 17 16 15
1 2 1 1 2 3 2 1 1 2 3 4 3 2 1
1 2 2 3 3 1 1 2 3 3 4 4 1 1 2 2 3 4 4 5 5
1 2 3 1 2 3
1 2 3 17 3 4 5 17 5 6 7 17
1 2 3 3 4 4 5 5 5 6 6 6
1 2 3 3 4 5 6 1 2 3 4 4 4 5 6 1 2 3 4 5 5 5 5 6
1 2 3 4 18 6 7 8 9
1 2 3 4 5 6
1 4 9 16 25 36
1 7 1 2 8 1 2 3 9
1 7 1 7 1 7 1 7 1 7
1 7 19 1 7 19 1 7 19 1 7 19
1 7 19 2 8 19 20 3 9 19 20 21
1 9 25 49 81
11 19 12 18 13 17
15 14 15 13 14 15
17 1 2 3 4 5 6
17 10 16 11 15 12
17 18 17 19 18 17
19 19 18 19 18 17
2 2 3 3 3 4 4 4 4
2 5 10 17 26
21 19 22 20 23 21
23 29 22 28 21 27
24 24 25 24 25 26
3 3 3 4 4 4 4 5 5 5 5 5
4 7 10 13 16
5 4 3 4 5 4 3 4 5
5 5 5 5 5 5 6 6 6 6 6 7 7 7 7
6 2 6 5 2 7 4 2 8
6 7 7 7 8 7 9 7
7 1 7 7 2 7 7 3 7 7 4 7
1 1 1 1 1 1
1 1 2 2 1 1 1 2 2 3 3 2 1 1 1 2 2 3 3 4 4 3 2 1
1 2 2 3 4 1 2 3 3 4 5 1 2 3 4 4 5 6
1 2 3 1 2 2 3 1 2 2 2 3
1 2 3 4 6 1 2 3 4 5 7 1 2 3 4 5 6 8
2 5 10 17 26 37 50 65
3 4 5 4 3 4 5 4 3 4 5 4
5 6 1 2 3 5 6 7 1 2 3 4 5 6 7 8 1 2 3 4 5
7 7 8 7 8 9 7 8 9 10
7 7 7 7 7 7 7 7
1 0 0 1 1 1 0 0 0 0
1 1 1 2 1 3
1 1 2 1 2 3
1 1 2 3 1 2 2 2 3 4 1 2 3 3 3 3 4 5
1 1 2 3 1 2 2 3 1 2 3 3 1 1 2 3 1 2 2 3
1 1 2 3 1 2 2 3 1 2 3 3 1 2 2 3 1 1 2 3
1 18 1 17 2 18 1 17 2 16 3 18 1 17 2 16
1 18 17 1 2 18 17 16 1 2 3 18 17 16 15
1 2 1 1 2 3 2 1 1 2 3 4 3 2 1
1 2 2 3 3 1 1 2 3 3 4 4 1 1 2 2 3 4 4 5 5
1 2 3 1 2 3
1 2 3 17 3 4 5 17 5 6 7 17
1 2 3 3 4 4 5 5 5 6 6 6
1 2 3 3 4 5 6 1 2 3 4 4 4 5 6 1 2 3 4 5 5 5 5 6
1 2 3 4 18 6 7 8 9
1 2 3 4 5 6
1 4 9 16 25 36
1 7 1 2 8 1 2 3 9
1 7 1 7 1 7 1 7 1 7
1 7 19 1 7 19 1 7 19 1 7 19
1 7 19 2 8 19 20 3 9 19 20 21
1 7 2 7 3 7 4 7
1 9 25 49 81
11 19 12 18 13 17
15 14 15 13 14 15
17 1 2 3 4 5 6
17 10 16 11 15 12
17 18 17 19 18 17
19 19 18 19 18 17
2 1 2 2 2 2 2 3 2 2 4 2 2 5 2
2 2 3 3 3 4 4 4 4
2 5 10 17 26
21 19 22 20 23 21
23 29 22 28 21 27
24 24 25 24 25 26
3 3 4 4 4 5 5 5 5
4 7 10 13 16
5 4 3 4 5 4 3 4 5
5 5 5 6 6 6 6 7 7 7 7 7
6 2 6 7 2 7 8 2 8
1 1 1 1 1 1
1 1 2 2 1 1 1 2 2 3 3 2 1 1 1 2 2 3 3 4 4 3 2 1
1 2 2 3 4 1 2 3 3 4 5 1 2 3 4 4 5 6
1 2 3 1 2 2 3 1 2 2 2 3
1 2 3 4 6 1 2 3 4 5 7 1 2 3 4 5 6 8
2 5 10 17 26 37 50 65
3 4 5 4 3 4 5 4 3 4 5 4
5 6 1 2 3 5 6 7 1 2 3 4 5 6 7 8 1 2 3 4 5
7 7 8 7 8 9 7 8 9 10
7 7 7 7 7 7 7 7
1 0 0 1 1 1 0 0 0 0
1 1 2 1 2 3
1 1 2 3 1 2 2 2 3 4 1 2 3 3 3 3 4 5
1 1 2 3 1 2 2 3 1 2 3 3 1 1 2 3 1 2 2 3
1 1 2 3 1 2 2 3 1 2 3 3 1 2 2 3 1 1 2 3
1 18 1 17 2 18 1 17 2 16 3 18 1 17 2 16
1 18 17 1 2 18 17 16 1 2 3 18 17 16 15
1 2 1 1 2 3 2 1 1 2 3 4 3 2 1
1 2 2 3 3 1 1 2 3 3 4 4 1 1 2 2 3 4 4 5 5
1 2 2 3 3 3
1 2 3 1 2 3
1 2 3 17 3 4 5 17 5 6 7 17
1 2 3 3 4 4 5 5 5 6 6 6
1 2 3 3 4 5 6 1 2 3 4 4 4 5 6 1 2 3 4 5 5 5 5 6
1 2 3 4 18 5 6 7 8
1 2 3 4 5 6
1 4 1 5 1 6
1 4 9 16 25 36
1 7 1 2 8 1 2 3 9
1 7 1 7 1 7 1 7 1 7
1 7 19 1 7 19 1 7 19 1 7 19
1 7 19 2 8 19 20 3 9 19 20 21
1 9 25 49 81
11 19 12 18 13 17
15 14 15 13 14 15
17 1 2 3 4 5 6
17 10 16 11 15 12
17 18 17 19 18 17
19 19 18 19 18 17
2 1 2 2 2 2 2 3 2 2 4 2 2 5 2
2 5 10 17 26
21 19 22 20 23 21
23 29 22 28 21 27
24 24 25 24 25 26
3 3 3 4 4 4 4 5 5 5 5 5
4 7 10 13 16
5 4 3 4 5 4 3 4 5
5 5 5 5 5 5 6 6 6 6 6 7 7 7 7
6 2 6 5 2 5 4 2 4
6 7 7 7 8 7 9 7
1 1 1 1 1 1
1 1 2 2 1 1 1 2 2 3 3 2 1 1 1 2 2 3 3 4 4 3 2 1
1 2 2 3 4 1 2 3 3 4 5 1 2 3 4 4 5 6
1 2 3 1 2 2 3 1 2 2 2 3
1 2 3 4 6 1 2 3 4 5 7 1 2 3 4 5 6 8
2 5 10 17 26 37 50 65
3 4 5 4 3 4 5 4 3 4 5 4
5 6 1 2 3 5 6 7 1 2 3 4 5 6 7 8 1 2 3 4 5
7 7 8 7 8 9 7 8 9 10
7 7 7 7 7 7 7 7
1 0 0 1 1 1 0 0 0 0
1 1 1 2 3 1 2 2 2 3 4 1 2 3 3 3 4 5
1 1 2 1 2 3
1 1 2 3 1 2 2 3 1 2 3 3 1 1 2 3 1 2 2 3
1 1 2 3 1 2 2 3 1 2 3 3 1 2 2 3 1 1 2 3
1 18 1 17 2 18 1 17 2 16 3 18 1 17 2 16
1 18 17 1 2 18 17 16 1 2 3 18 17 16 15
1 2 1 1 2 3 2 1 1 2 3 4 3 2 1
1 2 2 3 3 1 1 2 3 3 4 4 1 1 2 2 3 4 4 5 5
1 2 2 3 3 3
1 2 3 1 2 3
1 2 3 17 3 4 5 17 5 6 7 17
1 2 3 3 4 4 5 5 5 6 6 6
1 2 3 3 4 5 6 1 2 3 4 4 4 5 6 1 2 3 4 5 5 5 5 6
1 2 3 4 18 5 6 7 8
1 2 3 4 5 6
1 4 1 5 1 6
1 4 9 16 25 36
1 7 1 2 8 1 2 3 9
1 7 1 7 1 7 1 7 1 7
1 7 19 1 7 19 1 7 19 1 7 19
1 7 19 2 8 20 21 3 9 22 23 24
1 9 25 49 81
11 19 12 18 13 17
15 14 15 13 14 15
17 1 2 3 4 5 6
17 10 16 11 15 12
17 18 17 19 18 17
19 19 18 19 18 17
2 5 10 17 26
21 19 22 20 23 21
23 29 22 28 21 27
24 24 25 24 25 26
3 3 4 4 4 5 5 5 5
4 7 10 13 16
5 4 3 4 5 4 3 4 5
5 5 5 5 5 5 4 4 4 4 4 3 3 3 3
6 2 6 7 2 5 8 2 4
6 7 7 7 8 7 9 7
7 1 7 7 2 7 7 3 7 7 4 7
1 1 1 1 1 1
1 1 2 2 1 1 1 2 2 3 3 2 1 1 1 2 2 3 3 4 4 3 2 1
1 2 2 3 4 1 2 3 3 4 5 1 2 3 4 4 5 6
1 2 3 1 2 2 3 1 2 2 2 3
1 2 3 4 6 1 2 3 4 5 7 1 2 3 4 5 6 8
2 5 10 17 26 37 50 65
3 4 5 4 3 4 5 4 3 4 5 4
5 6 1 2 3 5 6 7 1 2 3 4 5 6 7 8 1 2 3 4 5
7 7 8 7 8 9 7 8 9 10
7 7 7 7 7 7 7 7
1 0 0 1 1 1 0 0 0 0
1 1 1 2 1 3
1 1 1 2 3 1 2 2 2 3 4 1 2 3 3 3 4 5
1 1 2 1 2 3
1 1 2 2 3 3 3 4 4 5 5
1 1 2 3 1 2 2 3 1 2 3 3 1 1 2 3 1 2 2 3
1 1 2 3 1 2 2 3 1 2 3 3 1 2 2 3 1 1 2 3
1 18 1 17 2 18 1 17 2 16 3 18 1 17 2 16
1 18 17 1 2 18 17 16 1 2 3 18 17 16 15
1 2 1 1 2 3 2 1 1 2 3 4 3 2 1
1 2 2 3 3 1 1 2 3 3 4 4 1 1 2 2 3 4 4 5 5
1 2 2 3 3 3
1 2 3 1 2 3
1 2 3 17 3 4 5 17 5 6 7 17
1 2 3 3 4 4 5 5 5 6 6 6
1 2 3 3 4 5 6 1 2 3 4 4 4 5 6 1 2 3 4 5 5 5 5 6
1 2 3 4 18 6 7 8 9
1 2 3 4 5 6
1 4 9 16 25 36
1 7 1 7 1 7 1 7 1 7
1 7 19 1 7 19 1 7 19 1 7 19
1 7 19 2 8 20 21 3 9 22 23 24
1 7 2 7 3 7 4 7
1 7 2 8 3 9
1 9 25 49 81
11 19 12 18 13 17
15 14 15 13 14 15
17 10 16 11 15 12
17 18 17 19 18 17
19 19 18 19 18 17
2 1 2 2 2 2 2 3 2 2 4 2 2 5 2
2 5 10 17 26
21 19 22 20 23 21
23 29 22 28 21 27
24 24 25 24 25 26
3 3 4 4 4 5 5 5 5
4 7 10 13 16
5 4 3 4 5 4 3 4 5
5 5 5 4 4 4 4 3 3 3 3 3
6 2 6 7 2 7 8 2 8
1 1 1 1 1 1
1 1 2 2 1 1 1 2 2 3 3 2 1 1 1 2 2 3 3 4 4 3 2 1
1 2 2 3 4 1 2 3 3 4 5 1 2 3 4 4 5 6
1 2 3 1 2 2 3 1 2 2 2 3
1 2 3 4 6 1 2 3 4 5 7 1 2 3 4 5 6 8
2 5 10 17 26 37 50 65
3 4 5 4 3 4 5 4 3 4 5 4
5 6 1 2 3 5 6 7 1 2 3 4 5 6 7 8 1 2 3 4 5
7 7 8 7 8 9 7 8 9 10
7 7 7 7 7 7 7 7
1 0 0 1 1 1 0 0 0 0
1 1 1 2 1 3
1 1 1 2 3 1 1 1 2 3 4 1 1 1 2 3 4 5
1 1 2 1 2 3
1 1 2 2 3 3 3 4 4 5 5
1 1 2 3 1 2 2 3 1 2 3 3 1 1 2 3 1 2 2 3
1 1 2 3 1 2 2 3 1 2 3 3 1 2 2 3 1 1 2 3
1 18 1 17 2 18 1 17 2 16 3 18 1 17 2 16
1 18 17 1 2 18 17 16 1 2 3 18 17 16 15
1 2 1 1 2 3 2 1 1 2 3 4 3 2 1
1 2 2 3 3 1 1 2 3 3 4 4 1 1 2 2 3 4 4 5 5
1 2 2 3 3 3
1 2 2 3 4 5 6 1 2 3 3 3 4 5 6 1 2 3 4 4 4 4 5 6
1 2 3 1 2 3
1 2 3 17 3 4 5 17 5 6 7 17
1 2 3 3 4 4 5 5 5 6 6 6
1 2 3 4 18 5 6 7 8
1 2 3 4 5 6
1 4 9 16 25 36
1 7 1 2 8 1 2 3 9
1 7 1 7 1 7 1 7 1 7
1 7 19 1 7 19 1 7 19 1 7 19
1 7 19 2 8 20 21 3 9 22 23 24
1 9 25 49 81
11 19 12 18 13 17
15 14 15 13 14 15
17 10 16 11 15 12
17 18 17 19 18 17
19 19 18 19 18 17
2 1 2 2 2 2 2 3 2 2 4 2 2 5 2
2 5 10 17 26
21 19 22 20 23 21
23 29 22 28 21 27
24 24 25 24 25 26
3 3 3 4 4 4 4 5 5 5 5 5
4 7 10 13 16
5 4 3 4 5 4 3 4 5
5 5 5 6 6 6 6 7 7 7 7 7
6 2 6 7 2 7 8 2 8
6 7 7 7 8 7 9 7
1 1 1 1 1 1
1 1 2 2 1 1 1 2 2 3 3 2 1 1 1 2 2 3 3 4 4 3 2 1
1 2 2 3 4 1 2 3 3 4 5 1 2 3 4 4 5 6
1 2 3 1 2 2 3 1 2 2 2 3
1 2 3 4 6 1 2 3 4 5 7 1 2 3 4 5 6 8
2 5 10 17 26 37 50 65
3 4 5 4 3 4 5 4 3 4 5 4
5 6 1 2 3 5 6 7 1 2 3 4 5 6 7 8 1 2 3 4 5
7 7 8 7 8 9 7 8 9 10
7 7 7 7 7 7 7 7
1 0 0 1 1 1 0 0 0 0
1 1 1 2 1 3
1 1 1 2 3 1 1 1 2 3 4 1 1 1 2 3 4 5
1 1 2 1 2 3
1 1 2 2 3 3 3 4 4 5 5
1 1 2 3 1 2 2 3 1 2 3 3 1 1 2 3 1 2 2 3
1 1 2 3 1 2 2 3 1 2 3 3 1 2 2 3 1 1 2 3
1 18 1 17 2 18 1 17 2 16 3 18 1 17 2 16
1 18 17 1 2 18 17 16 1 2 3 18 17 16 15
1 2 1 1 2 3 2 1 1 2 3 4 3 2 1
1 2 2 3 3 1 1 2 3 3 4 4 1 1 2 2 3 4 4 5 5
1 2 3 1 2 3
1 2 3 17 3 4 5 17 5 6 7 17
1 2 3 3 4 4 5 5 5 6 6 6
1 2 3 3 4 5 6 1 2 3 4 4 4 5 6 1 2 3 4 5 5 5 5 6
1 2 3 4 18 6 7 8 9
1 2 3 4 5 6
1 4 9 16 25 36
1 7 1 7 1 7 1 7 1 7
1 7 19 1 7 19 1 7 19 1 7 19
1 7 19 2 8 20 21 3 9 22 23 24
1 7 2 8 3 9
1 9 25 49 81
11 19 12 18 13 17
15 14 15 13 14 15
17 10 16 11 15 12
17 18 17 19 18 17
19 19 18 19 18 17
2 1 2 2 2 2 2 3 2 2 4 2
2 2 3 3 3 4 4 4 4
2 5 10 17 26
21 19 22 20 23 21
23 29 22 28 21 27
24 24 25 24 25 26
3 3 4 4 4 5 5 5 5
4 7 10 13 16
5 4 3 4 5 4 3 4 5
5 5 5 5 5 5 4 4 4 4 4 3 3 3 3
6 2 6 7 2 7 8 2 8
6 7 7 7 8 7 9 7
1 1 1 1 1 1
1 1 2 2 1 1 1 2 2 3 3 2 1 1 1 2 2 3 3 4 4 3 2 1
1 2 2 3 4 1 2 3 3 4 5 1 2 3 4 4 5 6
1 2 3 1 2 2 3 1 2 2 2 3
1 2 3 4 6 1 2 3 4 5 7 1 2 3 4 5 6 8
2 5 10 17 26 37 50 65
3 4 5 4 3 4 5 4 3 4 5 4
5 6 1 2 3 5 6 7 1 2 3 4 5 6 7 8 1 2 3 4 5
7 7 8 7 8 9 7 8 9 10
7 7 7 7 7 7 7 7
1 0 0 1 1 1 0 0 0 0
1 1 1 2 1 3
1 1 2 1 2 3
1 1 2 2 3 3 3 4 4 5 5
1 1 2 3 1 1 1 2 3 4 1 1 1 1 2 3 4 5
1 1 2 3 1 2 2 3 1 2 3 3 1 1 2 3 1 2 2 3
1 1 2 3 1 2 2 3 1 2 3 3 1 2 2 3 1 1 2 3
1 18 1 17 2 18 1 17 2 16 3 18 1 17 2 16
1 18 17 1 2 18 17 16 1 2 3 18 17 16 15
1 2 1 1 2 3 2 1 1 2 3 4 3 2 1
1 2 2 3 3 1 1 2 3 3 4 4 1 1 2 2 3 4 4 5 5
1 2 3 1 2 3
1 2 3 17 3 4 5 17 5 6 7 17
1 2 3 3 4 4 5 5 5 6 6 6
1 2 3 3 4 5 6 1 2 3 4 4 4 5 6 1 2 3 4 5 5 5 5 6
1 2 3 4 18 5 6 7 8
1 2 3 4 5 6
1 4 9 16 25 36
1 7 1 2 8 1 2 3 9
1 7 1 7 1 7 1 7 1 7
1 7 19 1 7 19 1 7 19 1 7 19
1 7 19 2 8 19 20 3 9 19 20 21
1 9 25 49 81
11 19 12 18 13 17
15 14 15 13 14 15
17 10 16 11 15 12
17 18 17 19 18 17
19 19 18 19 18 17
2 1 2 2 2 2 2 3 2 2 4 2
2 2 3 3 3 4 4 4 4
2 5 10 17 26
21 19 22 20 23 21
23 29 22 28 21 27
24 24 25 24 25 26
3 3 3 4 4 4 4 5 5 5 5 5
4 7 10 13 16
5 4 3 4 5 4 3 4 5
5 5 5 4 4 4 4 3 3 3 3 3
6 2 6 7 2 5 8 2 4
6 7 7 7 8 7 9 7
1 1 1 1 1 1
1 1 2 2 1 1 1 2 2 3 3 2 1 1 1 2 2 3 3 4 4 3 2 1
1 2 2 3 4 1 2 3 3 4 5 1 2 3 4 4 5 6
1 2 3 1 2 2 3 1 2 2 2 3
1 2 3 4 6 1 2 3 4 5 7 1 2 3 4 5 6 8
2 5 10 17 26 37 50 65
3 4 5 4 3 4 5 4 3 4 5 4
5 6 1 2 3 5 6 7 1 2 3 4 5 6 7 8 1 2 3 4 5
7 7 8 7 8 9 7 8 9 10
7 7 7 7 7 7 7 7
1 0 0 1 1 1 0 0 0 0
1 1 1 2 1 3
1 1 1 2 3 1 2 2 2 3 4 1 2 3 3 3 4 5
1 1 2 1 2 3
1 1 2 2 3 3 3 4 4 5 5
1 1 2 3 1 2 2 3 1 2 3 3 1 1 2 3 1 2 2 3
1 1 2 3 1 2 2 3 1 2 3 3 1 2 2 3 1 1 2 3
1 18 1 17 2 18 1 17 2 16 3 18 1 17 2 16
1 18 17 1 2 18 17 16 1 2 3 18 17 16 15
1 2 1 1 2 3 2 1 1 2 3 4 3 2 1
1 2 2 3 3 1 1 2 3 3 4 4 1 1 2 2 3 4 4 5 5
1 2 2 3 3 3
1 2 2 3 4 5 6 1 2 3 3 3 4 5 6 1 2 3 4 4 4 4 5 6
1 2 3 1 2 3
1 2 3 17 3 4 5 17 5 6 7 17
1 2 3 3 4 4 5 5 5 6 6 6
1 2 3 4 18 5 6 7 8
1 2 3 4 5 6
1 4 9 16 25 36
1 7 1 7 1 7 1 7 1 7
1 7 19 1 7 19 1 7 19 1 7 19
1 7 19 2 8 20 21 3 9 22 23 24
1 7 2 7 3 7 4 7
1 7 2 8 3 9
1 9 25 49 81
11 19 12 18 13 17
15 14 15 13 14 15
17 10 16 11 15 12
17 18 17 19 18 17
19 19 18 19 18 17
2 1 2 2 2 2 2 3 2 2 4 2 2 5 2
2 2 3 3 3 4 4 4 4
2 5 10 17 26
21 19 22 20 23 21
23 29 22 28 21 27
24 24 25 24 25 26
4 7 10 13 16
5 4 3 4 5 4 3 4 5
5 5 5 4 4 4 4 3 3 3 3 3
6 2 6 7 2 7 8 2 8
1 1 1 1 1 1
1 1 2 2 1 1 1 2 2 3 3 2 1 1 1 2 2 3 3 4 4 3 2 1
1 2 2 3 4 1 2 3 3 4 5 1 2 3 4 4 5 6
1 2 3 1 2 2 3 1 2 2 2 3
1 2 3 4 6 1 2 3 4 5 7 1 2 3 4 5 6 8
2 5 10 17 26 37 50 65
3 4 5 4 3 4 5 4 3 4 5 4
5 6 1 2 3 5 6 7 1 2 3 4 5 6 7 8 1 2 3 4 5
7 7 8 7 8 9 7 8 9 10
7 7 7 7 7 7 7 7
1 0 0 1 1 1 0 0 0 0
1 1 1 2 3 1 2 2 2 3 4 1 2 3 3 3 4 5
1 1 2 1 2 3
1 1 2 3 1 2 2 3 1 2 3 3 1 1 2 3 1 2 2 3
1 1 2 3 1 2 2 3 1 2 3 3 1 2 2 3 1 1 2 3
1 18 1 17 2 18 1 17 2 16 3 18 1 17 2 16
1 18 17 1 2 18 17 16 1 2 3 18 17 16 15
1 2 1 1 2 3 2 1 1 2 3 4 3 2 1
1 2 2 3 3 1 1 2 3 3 4 4 1 1 2 2 3 4 4 5 5
1 2 3 1 2 3
1 2 3 17 3 4 5 17 5 6 7 17
1 2 3 3 4 4 5 5 5 6 6 6
1 2 3 3 4 5 6 1 2 3 4 4 4 5 6 1 2 3 4 5 5 5 5 6
1 2 3 4 18 6 7 8 9
1 2 3 4 5 6
1 4 1 5 1 6
1 4 9 16 25 36
1 7 1 2 8 1 2 3 9
1 7 1 7 1 7 1 7 1 7
1 7 19 1 7 19 1 7 19 1 7 19
1 7 19 2 8 19 20 3 9 19 20 21
1 9 25 49 81
11 19 12 18 13 17
15 14 15 13 14 15
17 1 2 3 4 5 6
17 10 16 11 15 12
17 18 17 19 18 17
19 19 18 19 18 17
2 1 2 2 2 2 2 3 2 2 4 2 2 5 2
2 2 3 3 3 4 4 4 4
2 5 10 17 26
21 19 22 20 23 21
23 29 22 28 21 27
24 24 25 24 25 26
3 3 4 4 4 5 5 5 5
4 7 10 13 16
5 4 3 4 5 4 3 4 5
5 5 5 5 5 5 4 4 4 4 4 3 3 3 3
6 2 6 7 2 7 8 2 8
6 7 7 7 8 7 9 7
1 1 1 1 1 1
1 1 2 2 1 1 1 2 2 3 3 2 1 1 1 2 2 3 3 4 4 3 2 1
1 2 2 3 4 1 2 3 3 4 5 1 2 3 4 4 5 6
1 2 3 1 2 2 3 1 2 2 2 3
1 2 3 4 6 1 2 3 4 5 7 1 2 3 4 5 6 8
2 5 10 17 26 37 50 65
3 4 5 4 3 4 5 4 3 4 5 4
5 6 1 2 3 5 6 7 1 2 3 4 5 6 7 8 1 2 3 4 5
7 7 8 7 8 9 7 8 9 10
7 7 7 7 7 7 7 7
1 0 0 1 1 1 0 0 0 0
1 1 2 1 2 3
1 1 2 2 3 3 3 4 4 5 5
1 1 2 3 1 2 2 2 3 4 1 2 3 3 3 3 4 5
1 1 2 3 1 2 2 3 1 2 3 3 1 1 2 3 1 2 2 3
1 1 2 3 1 2 2 3 1 2 3 3 1 2 2 3 1 1 2 3
1 18 1 17 2 18 1 17 2 16 3 18 1 17 2 16
1 18 17 1 2 18 17 16 1 2 3 18 17 16 15
1 2 1 1 2 3 2 1 1 2 3 4 3 2 1
1 2 2 3 3 1 1 2 3 3 4 4 1 1 2 2 3 4 4 5 5
1 2 2 3 4 5 6 1 2 3 3 3 4 5 6 1 2 3 4 4 4 4 5 6
1 2 3 1 2 3
1 2 3 17 3 4 5 17 5 6 7 17
1 2 3 3 4 4 5 5 5 6 6 6
1 2 3 4 18 5 6 7 8
1 2 3 4 5 6
1 4 1 5 1 6
1 4 9 16 25 36
1 7 1 7 1 7 1 7 1 7
1 7 19 1 7 19 1 7 19 1 7 19
1 7 19 2 8 19 20 3 9 19 20 21
1 7 2 7 3 7 4 7
1 7 2 8 3 9
1 9 25 49 81
11 19 12 18 13 17
15 14 15 13 14 15
17 10 16 11 15 12
17 18 17 19 18 17
19 19 18 19 18 17
2 2 2 3 3 3 3 4 4 4 4 4
2 2 3 3 3 4 4 4 4
2 5 10 17 26
21 19 22 20 23 21
23 29 22 28 21 27
24 24 25 24 25 26
4 7 10 13 16
5 4 3 4 5 4 3 4 5
5 5 5 4 4 4 4 3 3 3 3 3
6 2 6 5 2 5 4 2 4
7 1 7 7 2 7 7 3 7 7 4 7
1 1 1 1 1 1
1 1 2 2 1 1 1 2 2 3 3 2 1 1 1 2 2 3 3 4 4 3 2 1
1 2 2 3 4 1 2 3 3 4 5 1 2 3 4 4 5 6
1 2 3 1 2 2 3 1 2 2 2 3
1 2 3 4 6 1 2 3 4 5 7 1 2 3 4 5 6 8
2 5 10 17 26 37 50 65
3 4 5 4 3 4 5 4 3 4 5 4
5 6 1 2 3 5 6 7 1 2 3 4 5 6 7 8 1 2 3 4 5
7 7 8 7 8 9 7 8 9 10
7 7 7 7 7 7 7 7
1 0 0 1 1 1 0 0 0 0
1 1 2 1 2 3
1 1 2 2 3 3 3 4 4 5 5
1 1 2 3 1 2 2 2 3 4 1 2 3 3 3 3 4 5
1 1 2 3 1 2 2 3 1 2 3 3 1 1 2 3 1 2 2 3
1 1 2 3 1 2 2 3 1 2 3 3 1 2 2 3 1 1 2 3
1 18 1 17 2 18 1 17 2 16 3 18 1 17 2 16
1 18 17 1 2 18 17 16 1 2 3 18 17 16 15
1 2 1 1 2 3 2 1 1 2 3 4 3 2 1
1 2 2 3 3 1 1 2 3 3 4 4 1 1 2 2 3 4 4 5 5
1 2 2 3 3 3
1 2 3 1 2 3
1 2 3 17 3 4 5 17 5 6 7 17
1 2 3 3 4 4 5 5 5 6 6 6
1 2 3 3 4 5 6 1 2 3 4 4 4 5 6 1 2 3 4 5 5 5 5 6
1 2 3 4 18 6 7 8 9
1 2 3 4 5 6
1 4 1 5 1 6
1 4 9 16 25 36
1 7 1 7 1 7 1 7 1 7
1 7 19 1 7 19 1 7 19 1 7 19
1 7 19 2 8 19 20 3 9 19 20 21
1 7 2 7 3 7 4 7
1 7 2 8 3 9
1 9 25 49 81
11 19 12 18 13 17
15 14 15 13 14 15
17 10 16 11 15 12
17 18 17 19 18 17
19 19 18 19 18 17
2 1 2 2 2 2 2 3 2 2 4 2
2 2 2 3 3 3 3 4 4 4 4 4
2 5 10 17 26
21 19 22 20 23 21
23 29 22 28 21 27
24 24 25 24 25 26
4 7 10 13 16
5 4 3 4 5 4 3 4 5
5 5 5 6 6 6 6 7 7 7 7 7
6 2 6 7 2 7 8 2 8
1 1 1 1 1 1
1 1 2 2 1 1 1 2 2 3 3 2 1 1 1 2 2 3 3 4 4 3 2 1
1 2 2 3 4 1 2 3 3 4 5 1 2 3 4 4 5 6
1 2 3 1 2 2 3 1 2 2 2 3
1 2 3 4 6 1 2 3 4 5 7 1 2 3 4 5 6 8
2 5 10 17 26 37 50 65
3 4 5 4 3 4 5 4 3 4 5 4
5 6 1 2 3 5 6 7 1 2 3 4 5 6 7 8 1 2 3 4 5
7 7 8 7 8 9 7 8 9 10
7 7 7 7 7 7 7 7
1 0 0 1 1 1 0 0 0 0
1 1 1 2 3 1 2 2 2 3 4 1 2 3 3 3 4 5
1 1 2 1 2 3
1 1 2 2 3 3 3 4 4 5 5
1 1 2 3 1 2 2 3 1 2 3 3 1 1 2 3 1 2 2 3
1 1 2 3 1 2 2 3 1 2 3 3 1 2 2 3 1 1 2 3
1 18 1 17 2 18 1 17 2 16 3 18 1 17 2 16
1 18 17 1 2 18 17 16 1 2 3 18 17 16 15
1 2 1 1 2 3 2 1 1 2 3 4 3 2 1
1 2 2 3 3 1 1 2 3 3 4 4 1 1 2 2 3 4 4 5 5
1 2 2 3 4 5 6 1 2 3 3 3 4 5 6 1 2 3 4 4 4 4 5 6
1 2 3 1 2 3
1 2 3 17 3 4 5 17 5 6 7 17
1 2 3 3 4 4 5 5 5 6 6 6
1 2 3 4 18 6 7 8 9
1 2 3 4 5 6
1 4 1 5 1 6
1 4 9 16 25 36
1 7 1 2 8 1 2 3 9
1 7 1 7 1 7 1 7 1 7
1 7 19 1 7 19 1 7 19 1 7 19
1 7 19 2 8 19 20 3 9 19 20 21
1 9 25 49 81
11 19 12 18 13 17
15 14 15 13 14 15
17 10 16 11 15 12
17 18 17 19 18 17
19 19 18 19 18 17
2 1 2 2 2 2 2 3 2 2 4 2
2 2 3 3 3 4 4 4 4
2 5 10 17 26
21 19 22 20 23 21
23 29 22 28 21 27
24 24 25 24 25 26
3 3 4 4 4 5 5 5 5
4 7 10 13 16
5 4 3 4 5 4 3 4 5
5 5 5 5 5 5 4 4 4 4 4 3 3 3 3
6 2 6 7 2 7 8 2 8
6 7 7 7 8 7 9 7
1 1 1 1 1 1
1 1 2 2 1 1 1 2 2 3 3 2 1 1 1 2 2 3 3 4 4 3 2 1
1 2 2 3 4 1 2 3 3 4 5 1 2 3 4 4 5 6
1 2 3 1 2 2 3 1 2 2 2 3
1 2 3 4 6 1 2 3 4 5 7 1 2 3 4 5 6 8
2 5 10 17 26 37 50 65
3 4 5 4 3 4 5 4 3 4 5 4
5 6 1 2 3 5 6 7 1 2 3 4 5 6 7 8 1 2 3 4 5
7 7 8 7 8 9 7 8 9 10
7 7 7 7 7 7 7 7
1 0 0 1 1 1 0 0 0 0
1 1 1 2 1 3
1 1 1 2 3 1 1 1 2 3 4 1 1 1 2 3 4 5
1 1 2 1 2 3
1 1 2 3 1 2 2 3 1 2 3 3 1 1 2 3 1 2 2 3
1 1 2 3 1 2 2 3 1 2 3 3 1 2 2 3 1 1 2 3
1 18 1 17 2 18 1 17 2 16 3 18 1 17 2 16
1 18 17 1 2 18 17 16 1 2 3 18 17 16 15
1 2 1 1 2 3 2 1 1 2 3 4 3 2 1
1 2 2 3 3 1 1 2 3 3 4 4 1 1 2 2 3 4 4 5 5
1 2 2 3 4 5 6 1 2 3 3 3 4 5 6 1 2 3 4 4 4 4 5 6
1 2 3 1 2 3
1 2 3 17 3 4 5 17 5 6 7 17
1 2 3 3 4 4 5 5 5 6 6 6
1 2 3 4 18 6 7 8 9
1 2 3 4 5 6
1 4 9 16 25 36
1 7 1 7 1 7 1 7 1 7
1 7 19 1 7 19 1 7 19 1 7 19
1 7 19 2 8 20 21 3 9 22 23 24
1 7 19 2 8 20 3 9 21
1 9 25 49 81
11 19 12 18 13 17
15 14 15 13 14 15
17 1 2 3 4 5 6
17 10 16 11 15 12
17 18 17 19 18 17
19 19 18 19 18 17
2 2 3 3 3 4 4 4 4
2 5 10 17 26
21 19 22 20 23 21
23 29 22 28 21 27
24 24 25 24 25 26
4 7 10 13 16
5 4 3 4 5 4 3 4 5
5 5 5 5 5 5 4 4 4 4 4 3 3 3 3
6 2 6 5 2 7 4 2 8
6 7 7 7 8 7 9 7
7 1 7 7 2 7 7 3 7 7 4 7
1 1 1 1 1 1
1 1 2 2 1 1 1 2 2 3 3 2 1 1 1 2 2 3 3 4 4 3 2 1
1 2 2 3 4 1 2 3 3 4 5 1 2 3 4 4 5 6
1 2 3 1 2 2 3 1 2 2 2 3
1 2 3 4 6 1 2 3 4 5 7 1 2 3 4 5 6 8
2 5 10 17 26 37 50 65
3 4 5 4 3 4 5 4 3 4 5 4
5 6 1 2 3 5 6 7 1 2 3 4 5 6 7 8 1 2 3 4 5
7 7 8 7 8 9 7 8 9 10
7 7 7 7 7 7 7 7
1 0 0 1 1 1 0 0 0 0
1 1 1 2 1 3
1 1 1 2 3 1 1 1 2 3 4 1 1 1 2 3 4 5
1 1 2 1 2 3
1 1 2 3 1 2 2 3 1 2 3 3 1 1 2 3 1 2 2 3
1 1 2 3 1 2 2 3 1 2 3 3 1 2 2 3 1 1 2 3
1 18 1 17 2 18 1 17 2 16 3 18 1 17 2 16
1 18 17 1 2 18 17 16 1 2 3 18 17 16 15
1 2 1 1 2 3 2 1 1 2 3 4 3 2 1
1 2 2 3 3 1 1 2 3 3 4 4 1 1 2 2 3 4 4 5 5
1 2 2 3 3 3
1 2 3 1 2 3
1 2 3 17 3 4 5 17 5 6 7 17
1 2 3 3 4 4 5 5 5 6 6 6
1 2 3 3 4 5 6 1 2 3 4 4 4 5 6 1 2 3 4 5 5 5 5 6
1 2 3 4 18 6 7 8 9
1 2 3 4 5 6
1 4 9 16 25 36
1 7 1 7 1 7 1 7 1 7
1 7 19 1 7 19 1 7 19 1 7 19
1 7 19 2 8 19 20 3 9 19 20 21
1 7 19 2 8 20 3 9 21
1 9 25 49 81
11 19 12 18 13 17
15 14 15 13 14 15
17 1 2 3 4 5 6
17 10 16 11 15 12
17 18 17 19 18 17
19 19 18 19 18 17
2 1 2 2 2 2 2 3 2 2 4 2 2 5 2
2 5 10 17 26
21 19 22 20 23 21
23 29 22 28 21 27
24 24 25 24 25 26
3 3 4 4 4 5 5 5 5
4 7 10 13 16
5 4 3 4 5 4 3 4 5
5 5 5 5 5 5 6 6 6 6 6 7 7 7 7
6 2 6 7 2 5 8 2 4
6 7 7 7 8 7 9 7
1 1 1 1 1 1
1 1 2 2 1 1 1 2 2 3 3 2 1 1 1 2 2 3 3 4 4 3 2 1
1 2 2 3 4 1 2 3 3 4 5 1 2 3 4 4 5 6
1 2 3 1 2 2 3 1 2 2 2 3
1 2 3 4 6 1 2 3 4 5 7 1 2 3 4 5 6 8
2 5 10 17 26 37 50 65
3 4 5 4 3 4 5 4 3 4 5 4
5 6 1 2 3 5 6 7 1 2 3 4 5 6 7 8 1 2 3 4 5
7 7 8 7 8 9 7 8 9 10
7 7 7 7 7 7 7 7
1 0 0 1 1 1 0 0 0 0
1 1 1 2 1 3
1 1 1 2 3 1 1 1 2 3 4 1 1 1 2 3 4 5
1 1 2 1 2 3
1 1 2 3 1 2 2 3 1 2 3 3 1 1 2 3 1 2 2 3
1 1 2 3 1 2 2 3 1 2 3 3 1 2 2 3 1 1 2 3
1 18 1 17 2 18 1 17 2 16 3 18 1 17 2 16
1 18 17 1 2 18 17 16 1 2 3 18 17 16 15
1 2 1 1 2 3 2 1 1 2 3 4 3 2 1
1 2 2 3 3 1 1 2 3 3 4 4 1 1 2 2 3 4 4 5 5
1 2 2 3 3 3
1 2 3 1 2 3
1 2 3 17 3 4 5 17 5 6 7 17
1 2 3 3 4 4 5 5 5 6 6 6
1 2 3 3 4 5 6 1 2 3 4 4 4 5 6 1 2 3 4 5 5 5 5 6
1 2 3 4 18 6 7 8 9
1 2 3 4 5 6
1 4 9 16 25 36
1 7 1 7 1 7 1 7 1 7
1 7 19 1 7 19 1 7 19 1 7 19
1 7 19 2 8 19 20 3 9 19 20 21
1 7 2 8 3 9
1 9 25 49 81
11 19 12 18 13 17
15 14 15 13 14 15
17 1 2 3 4 5 6
17 10 16 11 15 12
17 18 17 19 18 17
19 19 18 19 18 17
2 1 2 2 2 2 2 3 2 2 4 2
2 5 10 17 26
21 19 22 20 23 21
23 29 22 28 21 27
24 24 25 24 25 26
3 3 4 4 4 5 5 5 5
4 7 10 13 16
5 4 3 4 5 4 3 4 5
5 5 5 5 5 5 6 6 6 6 6 7 7 7 7
6 2 6 5 2 7 4 2 8
6 7 7 7 8 7 9 7
1 1 1 1 1 1
1 1 2 2 1 1 1 2 2 3 3 2 1 1 1 2 2 3 3 4 4 3 2 1
1 2 2 3 4 1 2 3 3 4 5 1 2 3 4 4 5 6
1 2 3 1 2 2 3 1 2 2 2 3
1 2 3 4 6 1 2 3 4 5 7 1 2 3 4 5 6 8
2 5 10 17 26 37 50 65
3 4 5 4 3 4 5 4 3 4 5 4
5 6 1 2 3 5 6 7 1 2 3 4 5 6 7 8 1 2 3 4 5
7 7 8 7 8 9 7 8 9 10
7 7 7 7 7 7 7 7
1 0 0 1 1 1 0 0 0 0
1 1 2 1 2 3
1 1 2 2 3 3 3 4 4 5 5
1 1 2 3 1 2 2 2 3 4 1 2 3 3 3 3 4 5
1 1 2 3 1 2 2 3 1 2 3 3 1 1 2 3 1 2 2 3
1 1 2 3 1 2 2 3 1 2 3 3 1 2 2 3 1 1 2 3
1 18 1 17 2 18 1 17 2 16 3 18 1 17 2 16
1 18 17 1 2 18 17 16 1 2 3 18 17 16 15
1 2 1 1 2 3 2 1 1 2 3 4 3 2 1
1 2 2 3 3 1 1 2 3 3 4 4 1 1 2 2 3 4 4 5 5
1 2 3 1 2 3
1 2 3 17 3 4 5 17 5 6 7 17
1 2 3 3 4 4 5 5 5 6 6 6
1 2 3 3 4 5 6 1 2 3 4 4 4 5 6 1 2 3 4 5 5 5 5 6
1 2 3 4 18 6 7 8 9
1 2 3 4 5 6
1 4 1 5 1 6
1 4 9 16 25 36
1 7 1 7 1 7 1 7 1 7
1 7 19 1 7 19 1 7 19 1 7 19
1 7 19 2 8 19 20 3 9 19 20 21
1 7 19 2 8 20 3 9 21
1 9 25 49 81
11 19 12 18 13 17
15 14 15 13 14 15
17 10 16 11 15 12
17 18 17 19 18 17
19 19 18 19 18 17
2 1 2 2 2 2 2 3 2 2 4 2 2 5 2
2 2 3 3 3 4 4 4 4
2 5 10 17 26
21 19 22 20 23 21
23 29 22 28 21 27
24 24 25 24 25 26
3 3 4 4 4 5 5 5 5
4 7 10 13 16
5 4 3 4 5 4 3 4 5
5 5 5 5 5 5 6 6 6 6 6 7 7 7 7
6 2 6 5 2 7 4 2 8
6 7 7 7 8 7 9 7
1 1 1 1 1 1
1 1 2 2 1 1 1 2 2 3 3 2 1 1 1 2 2 3 3 4 4 3 2 1
1 2 2 3 4 1 2 3 3 4 5 1 2 3 4 4 5 6
1 2 3 1 2 2 3 1 2 2 2 3
1 2 3 4 6 1 2 3 4 5 7 1 2 3 4 5 6 8
2 5 10 17 26 37 50 65
3 4 5 4 3 4 5 4 3 4 5 4
5 6 1 2 3 5 6 7 1 2 3 4 5 6 7 8 1 2 3 4 5
7 7 8 7 8 9 7 8 9 10
7 7 7 7 7 7 7 7
1 0 0 1 1 1 0 0 0 0
1 1 2 1 2 3
1 1 2 3 1 1 1 2 3 4 1 1 1 1 2 3 4 5
1 1 2 3 1 2 2 3 1 2 3 3 1 1 2 3 1 2 2 3
1 1 2 3 1 2 2 3 1 2 3 3 1 2 2 3 1 1 2 3
1 18 1 17 2 18 1 17 2 16 3 18 1 17 2 16
1 18 17 1 2 18 17 16 1 2 3 18 17 16 15
1 2 1 1 2 3 2 1 1 2 3 4 3 2 1
1 2 2 3 3 1 1 2 3 3 4 4 1 1 2 2 3 4 4 5 5
1 2 2 3 4 5 6 1 2 3 3 3 4 5 6 1 2 3 4 4 4 4 5 6
1 2 3 1 2 3
1 2 3 17 3 4 5 17 5 6 7 17
1 2 3 3 4 4 5 5 5 6 6 6
1 2 3 4 18 6 7 8 9
1 2 3 4 5 6
1 4 1 5 1 6
1 4 9 16 25 36
1 7 1 2 8 1 2 3 9
1 7 1 7 1 7 1 7 1 7
1 7 19 1 7 19 1 7 19 1 7 19
1 7 19 2 8 20 21 3 9 22 23 24
1 7 2 7 3 7 4 7
1 9 25 49 81
11 19 12 18 13 17
15 14 15 13 14 15
17 1 2 3 4 5 6
17 10 16 11 15 12
17 18 17 19 18 17
19 19 18 19 18 17
2 1 2 2 2 2 2 3 2 2 4 2 2 5 2
2 2 3 3 3 4 4 4 4
2 5 10 17 26
21 19 22 20 23 21
23 29 22 28 21 27
24 24 25 24 25 26
3 3 4 4 4 5 5 5 5
4 7 10 13 16
5 4 3 4 5 4 3 4 5
5 5 5 5 5 5 4 4 4 4 4 3 3 3 3
6 2 6 5 2 5 4 2 4
1 1 1 1 1 1
1 1 2 2 1 1 1 2 2 3 3 2 1 1 1 2 2 3 3 4 4 3 2 1
1 2 2 3 4 1 2 3 3 4 5 1 2 3 4 4 5 6
1 2 3 1 2 2 3 1 2 2 2 3
1 2 3 4 6 1 2 3 4 5 7 1 2 3 4 5 6 8
2 5 10 17 26 37 50 65
3 4 5 4 3 4 5 4 3 4 5 4
5 6 1 2 3 5 6 7 1 2 3 4 5 6 7 8 1 2 3 4 5
7 7 8 7 8 9 7 8 9 10
7 7 7 7 7 7 7 7
1 0 0 1 1 1 0 0 0 0
1 1 1 2 3 1 1 1 2 3 4 1 1 1 2 3 4 5
1 1 2 1 2 3
1 1 2 2 3 3 3 4 4 5 5
1 1 2 3 1 2 2 3 1 2 3 3 1 1 2 3 1 2 2 3
1 1 2 3 1 2 2 3 1 2 3 3 1 2 2 3 1 1 2 3
1 18 1 17 2 18 1 17 2 16 3 18 1 17 2 16
1 18 17 1 2 18 17 16 1 2 3 18 17 16 15
1 2 1 1 2 3 2 1 1 2 3 4 3 2 1
1 2 2 3 3 1 1 2 3 3 4 4 1 1 2 2 3 4 4 5 5
1 2 2 3 3 3
1 2 2 3 4 5 6 1 2 3 3 3 4 5 6 1 2 3 4 4 4 4 5 6
1 2 3 1 2 3
1 2 3 17 3 4 5 17 5 6 7 17
1 2 3 3 4 4 5 5 5 6 6 6
1 2 3 4 18 6 7 8 9
1 2 3 4 5 6
1 4 1 5 1 6
1 4 9 16 25 36
1 7 1 7 1 7 1 7 1 7
1 7 19 1 7 19 1 7 19 1 7 19
1 7 19 2 8 20 21 3 9 22 23 24
1 7 19 2 8 20 3 9 21
1 7 2 7 3 7 4 7
1 9 25 49 81
11 19 12 18 13 17
15 14 15 13 14 15
17 10 16 11 15 12
17 18 17 19 18 17
19 19 18 19 18 17
2 5 10 17 26
21 19 22 20 23 21
23 29 22 28 21 27
24 24 25 24 25 26
3 3 4 4 4 5 5 5 5
4 7 10 13 16
5 4 3 4 5 4 3 4 5
5 5 5 6 6 6 6 7 7 7 7 7
6 2 6 7 2 7 8 2 8
7 1 7 7 2 7 7 3 7 7 4 7
1 1 1 1 1 1
1 1 2 2 1 1 1 2 2 3 3 2 1 1 1 2 2 3 3 4 4 3 2 1
1 2 2 3 4 1 2 3 3 4 5 1 2 3 4 4 5 6
1 2 3 1 2 2 3 1 2 2 2 3
1 2 3 4 6 1 2 3 4 5 7 1 2 3 4 5 6 8
2 5 10 17 26 37 50 65
3 4 5 4 3 4 5 4 3 4 5 4
5 6 1 2 3 5 6 7 1 2 3 4 5 6 7 8 1 2 3 4 5
7 7 8 7 8 9 7 8 9 10
7 7 7 7 7 7 7 7
1 0 0 1 1 1 0 0 0 0
1 1 2 1 2 3
1 1 2 2 3 3 3 4 4 5 5
1 1 2 3 1 1 1 2 3 4 1 1 1 1 2 3 4 5
1 1 2 3 1 2 2 3 1 2 3 3 1 1 2 3 1 2 2 3
1 1 2 3 1 2 2 3 1 2 3 3 1 2 2 3 1 1 2 3
1 18 1 17 2 18 1 17 2 16 3 18 1 17 2 16
1 18 17 1 2 18 17 16 1 2 3 18 17 16 15
1 2 1 1 2 3 2 1 1 2 3 4 3 2 1
1 2 2 3 3 1 1 2 3 3 4 4 1 1 2 2 3 4 4 5 5
1 2 2 3 3 3
1 2 2 3 4 5 6 1 2 3 3 3 4 5 6 1 2 3 4 4 4 4 5 6
1 2 3 1 2 3
1 2 3 17 3 4 5 17 5 6 7 17
1 2 3 3 4 4 5 5 5 6 6 6
1 2 3 4 18 5 6 7 8
1 2 3 4 5 6
1 4 1 5 1 6
1 4 9 16 25 36
1 7 1 7 1 7 1 7 1 7
1 7 19 1 7 19 1 7 19 1 7 19
1 7 19 2 8 20 21 3 9 22 23 24
1 7 19 2 8 20 3 9 21
1 7 2 7 3 7 4 7
1 9 25 49 81
11 19 12 18 13 17
15 14 15 13 14 15
17 10 16 11 15 12
17 18 17 19 18 17
19 19 18 19 18 17
2 5 10 17 26
21 19 22 20 23 21
23 29 22 28 21 27
24 24 25 24 25 26
3 3 4 4 4 5 5 5 5
4 7 10 13 16
5 4 3 4 5 4 3 4 5
5 5 5 4 4 4 4 3 3 3 3 3
6 2 6 5 2 5 4 2 4
7 1 7 7 2 7 7 3 7 7 4 7
1 1 1 1 1 1
1 1 2 2 1 1 1 2 2 3 3 2 1 1 1 2 2 3 3 4 4 3 2 1
1 2 2 3 4 1 2 3 3 4 5 1 2 3 4 4 5 6
1 2 3 1 2 2 3 1 2 2 2 3
1 2 3 4 6 1 2 3 4 5 7 1 2 3 4 5 6 8
2 5 10 17 26 37 50 65
3 4 5 4 3 4 5 4 3 4 5 4
5 6 1 2 3 5 6 7 1 2 3 4 5 6 7 8 1 2 3 4 5
7 7 8 7 8 9 7 8 9 10
7 7 7 7 7 7 7 7
1 0 0 1 1 1 0 0 0 0
1 1 1 2 1 3
1 1 1 2 3 1 1 1 2 3 4 1 1 1 2 3 4 5
1 1 2 1 2 3
1 1 2 3 1 2 2 3 1 2 3 3 1 1 2 3 1 2 2 3
1 1 2 3 1 2 2 3 1 2 3 3 1 2 2 3 1 1 2 3
1 18 1 17 2 18 1 17 2 16 3 18 1 17 2 16
1 18 17 1 2 18 17 16 1 2 3 18 17 16 15
1 2 1 1 2 3 2 1 1 2 3 4 3 2 1
1 2 2 3 3 1 1 2 3 3 4 4 1 1 2 2 3 4 4 5 5
1 2 2 3 3 3
1 2 3 1 2 3
1 2 3 17 3 4 5 17 5 6 7 17
1 2 3 3 4 4 5 5 5 6 6 6
1 2 3 3 4 5 6 1 2 3 4 4 4 5 6 1 2 3 4 5 5 5 5 6
1 2 3 4 18 6 7 8 9
1 2 3 4 5 6
1 4 9 16 25 36
1 7 1 7 1 7 1 7 1 7
1 7 19 1 7 19 1 7 19 1 7 19
1 7 19 2 8 20 21 3 9 22 23 24
1 7 19 2 8 20 3 9 21
1 7 2 7 3 7 4 7
1 9 25 49 81
11 19 12 18 13 17
15 14 15 13 14 15
17 1 2 3 4 5 6
17 10 16 11 15 12
17 18 17 19 18 17
19 19 18 19 18 17
2 1 2 2 2 2 2 3 2 2 4 2
2 2 3 3 3 4 4 4 4
2 5 10 17 26
21 19 22 20 23 21
23 29 22 28 21 27
24 24 25 24 25 26
4 7 10 13 16
5 4 3 4 5 4 3 4 5
5 5 5 5 5 5 4 4 4 4 4 3 3 3 3
6 2 6 7 2 5 8 2 4
1 1 1 1 1 1
1 1 2 2 1 1 1 2 2 3 3 2 1 1 1 2 2 3 3 4 4 3 2 1
1 2 2 3 4 1 2 3 3 4 5 1 2 3 4 4 5 6
1 2 3 1 2 2 3 1 2 2 2 3
1 2 3 4 6 1 2 3 4 5 7 1 2 3 4 5 6 8
2 5 10 17 26 37 50 65
3 4 5 4 3 4 5 4 3 4 5 4
5 6 1 2 3 5 6 7 1 2 3 4 5 6 7 8 1 2 3 4 5
7 7 8 7 8 9 7 8 9 10
7 7 7 7 7 7 7 7
1 0 0 1 1 1 0 0 0 0
1 1 1 2 1 3
1 1 2 1 2 3
1 1 2 2 3 3 3 4 4 5 5
1 1 2 3 1 1 1 2 3 4 1 1 1 1 2 3 4 5
1 1 2 3 1 2 2 3 1 2 3 3 1 1 2 3 1 2 2 3
1 1 2 3 1 2 2 3 1 2 3 3 1 2 2 3 1 1 2 3
1 18 1 17 2 18 1 17 2 16 3 18 1 17 2 16
1 18 17 1 2 18 17 16 1 2 3 18 17 16 15
1 2 1 1 2 3 2 1 1 2 3 4 3 2 1
1 2 2 3 3 1 1 2 3 3 4 4 1 1 2 2 3 4 4 5 5
1 2 2 3 3 3
1 2 3 1 2 3
1 2 3 17 3 4 5 17 5 6 7 17
1 2 3 3 4 4 5 5 5 6 6 6
1 2 3 3 4 5 6 1 2 3 4 4 4 5 6 1 2 3 4 5 5 5 5 6
1 2 3 4 18 6 7 8 9
1 2 3 4 5 6
1 4 9 16 25 36
1 7 1 7 1 7 1 7 1 7
1 7 19 1 7 19 1 7 19 1 7 19
1 7 19 2 8 20 21 3 9 22 23 24
1 7 2 8 3 9
1 9 25 49 81
11 19 12 18 13 17
15 14 15 13 14 15
17 10 16 11 15 12
17 18 17 19 18 17
19 19 18 19 18 17
2 2 3 3 3 4 4 4 4
2 5 10 17 26
21 19 22 20 23 21
23 29 22 28 21 27
24 24 25 24 25 26
4 7 10 13 16
5 4 3 4 5 4 3 4 5
5 5 5 5 5 5 4 4 4 4 4 3 3 3 3
6 2 6 7 2 5 8 2 4
6 7 7 7 8 7 9 7
7 1 7 7 2 7 7 3 7 7 4 7
1 1 1 1 1 1
1 1 2 2 1 1 1 2 2 3 3 2 1 1 1 2 2 3 3 4 4 3 2 1
1 2 2 3 4 1 2 3 3 4 5 1 2 3 4 4 5 6
1 2 3 1 2 2 3 1 2 2 2 3
1 2 3 4 6 1 2 3 4 5 7 1 2 3 4 5 6 8
2 5 10 17 26 37 50 65
3 4 5 4 3 4 5 4 3 4 5 4
5 6 1 2 3 5 6 7 1 2 3 4 5 6 7 8 1 2 3 4 5
7 7 8 7 8 9 7 8 9 10
7 7 7 7 7 7 7 7
1 0 0 1 1 1 0 0 0 0
1 1 1 2 1 3
1 1 2 1 2 3
1 1 2 3 1 2 2 2 3 4 1 2 3 3 3 3 4 5
1 1 2 3 1 2 2 3 1 2 3 3 1 1 2 3 1 2 2 3
1 1 2 3 1 2 2 3 1 2 3 3 1 2 2 3 1 1 2 3
1 18 1 17 2 18 1 17 2 16 3 18 1 17 2 16
1 18 17 1 2 18 17 16 1 2 3 18 17 16 15
1 2 1 1 2 3 2 1 1 2 3 4 3 2 1
1 2 2 3 3 1 1 2 3 3 4 4 1 1 2 2 3 4 4 5 5
1 2 2 3 4 5 6 1 2 3 3 3 4 5 6 1 2 3 4 4 4 4 5 6
1 2 3 1 2 3
1 2 3 17 3 4 5 17 5 6 7 17
1 2 3 3 4 4 5 5 5 6 6 6
1 2 3 4 18 6 7 8 9
1 2 3 4 5 6
1 4 9 16 25 36
1 7 1 2 8 1 2 3 9
1 7 1 7 1 7 1 7 1 7
1 7 19 1 7 19 1 7 19 1 7 19
1 7 19 2 8 20 21 3 9 22 23 24
1 9 25 49 81
11 19 12 18 13 17
15 14 15 13 14 15
17 1 2 3 4 5 6
17 10 16 11 15 12
17 18 17 19 18 17
19 19 18 19 18 17
2 1 2 2 2 2 2 3 2 2 4 2
2 2 2 3 3 3 3 4 4 4 4 4
2 2 3 3 3 4 4 4 4
2 5 10 17 26
21 19 22 20 23 21
23 29 22 28 21 27
24 24 25 24 25 26
4 7 10 13 16
5 4 3 4 5 4 3 4 5
5 5 5 5 5 5 6 6 6 6 6 7 7 7 7
6 2 6 7 2 5 8 2 4
6 7 7 7 8 7 9 7
1 1 1 1 1 1
1 1 2 2 1 1 1 2 2 3 3 2 1 1 1 2 2 3 3 4 4 3 2 1
1 2 2 3 4 1 2 3 3 4 5 1 2 3 4 4 5 6
1 2 3 1 2 2 3 1 2 2 2 3
1 2 3 4 6 1 2 3 4 5 7 1 2 3 4 5 6 8
2 5 10 17 26 37 50 65
3 4 5 4 3 4 5 4 3 4 5 4
5 6 1 2 3 5 6 7 1 2 3 4 5 6 7 8 1 2 3 4 5
7 7 8 7 8 9 7 8 9 10
7 7 7 7 7 7 7 7
1 0 0 1 1 1 0 0 0 0
1 1 1 2 3 1 1 1 2 3 4 1 1 1 2 3 4 5
1 1 2 1 2 3
1 1 2 3 1 2 2 3 1 2 3 3 1 1 2 3 1 2 2 3
1 1 2 3 1 2 2 3 1 2 3 3 1 2 2 3 1 1 2 3
1 18 1 17 2 18 1 17 2 16 3 18 1 17 2 16
1 18 17 1 2 18 17 16 1 2 3 18 17 16 15
1 2 1 1 2 3 2 1 1 2 3 4 3 2 1
1 2 2 3 3 1 1 2 3 3 4 4 1 1 2 2 3 4 4 5 5
1 2 2 3 4 5 6 1 2 3 3 3 4 5 6 1 2 3 4 4 4 4 5 6
1 2 3 1 2 3
1 2 3 17 3 4 5 17 5 6 7 17
1 2 3 3 4 4 5 5 5 6 6 6
1 2 3 4 18 5 6 7 8
1 2 3 4 5 6
1 4 1 5 1 6
1 4 9 16 25 36
1 7 1 2 8 1 2 3 9
1 7 1 7 1 7 1 7 1 7
1 7 19 1 7 19 1 7 19 1 7 19
1 7 19 2 8 19 20 3 9 19 20 21
1 9 25 49 81
11 19 12 18 13 17
15 14 15 13 14 15
17 1 2 3 4 5 6
17 10 16 11 15 12
17 18 17 19 18 17
19 19 18 19 18 17
2 1 2 2 2 2 2 3 2 2 4 2
2 2 3 3 3 4 4 4 4
2 5 10 17 26
21 19 22 20 23 21
23 29 22 28 21 27
24 24 25 24 25 26
3 3 4 4 4 5 5 5 5
4 7 10 13 16
5 4 3 4 5 4 3 4 5
5 5 5 6 6 6 6 7 7 7 7 7
6 2 6 5 2 7 4 2 8
6 7 7 7 8 7 9 7
1 1 1 1 1 1
1 1 2 2 1 1 1 2 2 3 3 2 1 1 1 2 2 3 3 4 4 3 2 1
1 2 2 3 4 1 2 3 3 4 5 1 2 3 4 4 5 6
1 2 3 1 2 2 3 1 2 2 2 3
1 2 3 4 6 1 2 3 4 5 7 1 2 3 4 5 6 8
2 5 10 17 26 37 50 65
3 4 5 4 3 4 5 4 3 4 5 4
5 6 1 2 3 5 6 7 1 2 3 4 5 6 7 8 1 2 3 4 5
7 7 8 7 8 9 7 8 9 10
7 7 7 7 7 7 7 7
1 0 0 1 1 1 0 0 0 0
1 1 1 2 3 1 2 2 2 3 4 1 2 3 3 3 4 5
1 1 2 1 2 3
1 1 2 2 3 3 3 4 4 5 5
1 1 2 3 1 2 2 3 1 2 3 3 1 1 2 3 1 2 2 3
1 1 2 3 1 2 2 3 1 2 3 3 1 2 2 3 1 1 2 3
1 18 1 17 2 18 1 17 2 16 3 18 1 17 2 16
1 18 17 1 2 18 17 16 1 2 3 18 17 16 15
1 2 1 1 2 3 2 1 1 2 3 4 3 2 1
1 2 2 3 3 1 1 2 3 3 4 4 1 1 2 2 3 4 4 5 5
1 2 2 3 3 3
1 2 2 3 4 5 6 1 2 3 3 3 4 5 6 1 2 3 4 4 4 4 5 6
1 2 3 1 2 3
1 2 3 17 3 4 5 17 5 6 7 17
1 2 3 3 4 4 5 5 5 6 6 6
1 2 3 4 18 6 7 8 9
1 2 3 4 5 6
1 4 1 5 1 6
1 4 9 16 25 36
1 7 1 2 8 1 2 3 9
1 7 1 7 1 7 1 7 1 7
1 7 19 1 7 19 1 7 19 1 7 19
1 7 19 2 8 19 20 3 9 19 20 21
1 9 25 49 81
11 19 12 18 13 17
15 14 15 13 14 15
17 10 16 11 15 12
17 18 17 19 18 17
19 19 18 19 18 17
2 1 2 2 2 2 2 3 2 2 4 2 2 5 2
2 2 2 3 3 3 3 4 4 4 4 4
2 5 10 17 26
21 19 22 20 23 21
23 29 22 28 21 27
24 24 25 24 25 26
4 7 10 13 16
5 4 3 4 5 4 3 4 5
5 5 5 5 5 5 6 6 6 6 6 7 7 7 7
6 2 6 5 2 5 4 2 4
6 7 7 7 8 7 9 7
1 1 1 1 1 1
1 1 2 2 1 1 1 2 2 3 3 2 1 1 1 2 2 3 3 4 4 3 2 1
1 2 2 3 4 1 2 3 3 4 5 1 2 3 4 4 5 6
1 2 3 1 2 2 3 1 2 2 2 3
1 2 3 4 6 1 2 3 4 5 7 1 2 3 4 5 6 8
2 5 10 17 26 37 50 65
3 4 5 4 3 4 5 4 3 4 5 4
5 6 1 2 3 5 6 7 1 2 3 4 5 6 7 8 1 2 3 4 5
7 7 8 7 8 9 7 8 9 10
7 7 7 7 7 7 7 7
1 0 0 1 1 1 0 0 0 0
1 1 1 2 3 1 2 2 2 3 4 1 2 3 3 3 4 5
1 1 2 1 2 3
1 1 2 3 1 2 2 3 1 2 3 3 1 1 2 3 1 2 2 3
1 1 2 3 1 2 2 3 1 2 3 3 1 2 2 3 1 1 2 3
1 18 1 17 2 18 1 17 2 16 3 18 1 17 2 16
1 18 17 1 2 18 17 16 1 2 3 18 17 16 15
1 2 1 1 2 3 2 1 1 2 3 4 3 2 1
1 2 2 3 3 1 1 2 3 3 4 4 1 1 2 2 3 4 4 5 5
1 2 3 1 2 3
1 2 3 17 3 4 5 17 5 6 7 17
1 2 3 3 4 4 5 5 5 6 6 6
1 2 3 3 4 5 6 1 2 3 4 4 4 5 6 1 2 3 4 5 5 5 5 6
1 2 3 4 18 6 7 8 9
1 2 3 4 5 6
1 4 1 5 1 6
1 4 9 16 25 36
1 7 1 7 1 7 1 7 1 7
1 7 19 1 7 19 1 7 19 1 7 19
1 7 19 2 8 19 20 3 9 19 20 21
1 7 2 7 3 7 4 7
1 7 2 8 3 9
1 9 25 49 81
11 19 12 18 13 17
15 14 15 13 14 15
17 1 2 3 4 5 6
17 10 16 11 15 12
17 18 17 19 18 17
19 19 18 19 18 17
2 1 2 2 2 2 2 3 2 2 4 2 2 5 2
2 2 3 3 3 4 4 4 4
2 5 10 17 26
21 19 22 20 23 21
23 29 22 28 21 27
24 24 25 24 25 26
4 7 10 13 16
5 4 3 4 5 4 3 4 5
5 5 5 5 5 5 6 6 6 6 6 7 7 7 7
6 2 6 7 2 5 8 2 4
1 1 1 1 1 1
1 1 2 2 1 1 1 2 2 3 3 2 1 1 1 2 2 3 3 4 4 3 2 1
1 2 2 3 4 1 2 3 3 4 5 1 2 3 4 4 5 6
1 2 3 1 2 2 3 1 2 2 2 3
1 2 3 4 6 1 2 3 4 5 7 1 2 3 4 5 6 8
2 5 10 17 26 37 50 65
3 4 5 4 3 4 5 4 3 4 5 4
5 6 1 2 3 5 6 7 1 2 3 4 5 6 7 8 1 2 3 4 5
7 7 8 7 8 9 7 8 9 10
7 7 7 7 7 7 7 7
1 0 0 1 1 1 0 0 0 0
1 1 1 2 3 1 1 1 2 3 4 1 1 1 2 3 4 5
1 1 2 1 2 3
1 1 2 2 3 3 3 4 4 5 5
1 1 2 3 1 2 2 3 1 2 3 3 1 1 2 3 1 2 2 3
1 1 2 3 1 2 2 3 1 2 3 3 1 2 2 3 1 1 2 3
1 18 1 17 2 18 1 17 2 16 3 18 1 17 2 16
1 18 17 1 2 18 17 16 1 2 3 18 17 16 15
1 2 1 1 2 3 2 1 1 2 3 4 3 2 1
1 2 2 3 3 1 1 2 3 3 4 4 1 1 2 2 3 4 4 5 5
1 2 3 1 2 3
1 2 3 17 3 4 5 17 5 6 7 17
1 2 3 3 4 4 5 5 5 6 6 6
1 2 3 3 4 5 6 1 2 3 4 4 4 5 6 1 2 3 4 5 5 5 5 6
1 2 3 4 18 5 6 7 8
1 2 3 4 5 6
1 4 1 5 1 6
1 4 9 16 25 36
1 7 1 2 8 1 2 3 9
1 7 1 7 1 7 1 7 1 7
1 7 19 1 7 19 1 7 19 1 7 19
1 7 19 2 8 19 20 3 9 19 20 21
1 9 25 49 81
11 19 12 18 13 17
15 14 15 13 14 15
17 10 16 11 15 12
17 18 17 19 18 17
19 19 18 19 18 17
2 2 3 3 3 4 4 4 4
2 5 10 17 26
21 19 22 20 23 21
23 29 22 28 21 27
24 24 25 24 25 26
4 7 10 13 16
5 4 3 4 5 4 3 4 5
5 5 5 5 5 5 6 6 6 6 6 7 7 7 7
6 2 6 7 2 5 8 2 4
6 7 7 7 8 7 9 7
7 1 7 7 2 7 7 3 7 7 4 7
1 1 1 1 1 1
1 1 2 2 1 1 1 2 2 3 3 2 1 1 1 2 2 3 3 4 4 3 2 1
1 2 2 3 4 1 2 3 3 4 5 1 2 3 4 4 5 6
1 2 3 1 2 2 3 1 2 2 2 3
1 2 3 4 6 1 2 3 4 5 7 1 2 3 4 5 6 8
2 5 10 17 26 37 50 65
3 4 5 4 3 4 5 4 3 4 5 4
5 6 1 2 3 5 6 7 1 2 3 4 5 6 7 8 1 2 3 4 5
7 7 8 7 8 9 7 8 9 10
7 7 7 7 7 7 7 7
1 0 0 1 1 1 0 0 0 0
1 1 1 2 1 3
1 1 2 1 2 3
1 1 2 3 1 1 1 2 3 4 1 1 1 1 2 3 4 5
1 1 2 3 1 2 2 3 1 2 3 3 1 1 2 3 1 2 2 3
1 1 2 3 1 2 2 3 1 2 3 3 1 2 2 3 1 1 2 3
1 18 1 17 2 18 1 17 2 16 3 18 1 17 2 16
1 18 17 1 2 18 17 16 1 2 3 18 17 16 15
1 2 1 1 2 3 2 1 1 2 3 4 3 2 1
1 2 2 3 3 1 1 2 3 3 4 4 1 1 2 2 3 4 4 5 5
1 2 2 3 3 3
1 2 3 1 2 3
1 2 3 17 3 4 5 17 5 6 7 17
1 2 3 3 4 4 5 5 5 6 6 6
1 2 3 3 4 5 6 1 2 3 4 4 4 5 6 1 2 3 4 5 5 5 5 6
1 2 3 4 18 5 6 7 8
1 2 3 4 5 6
1 4 9 16 25 36
1 7 1 7 1 7 1 7 1 7
1 7 19 1 7 19 1 7 19 1 7 19
1 7 19 2 8 19 20 3 9 19 20 21
1 7 19 2 8 20 3 9 21
1 7 2 7 3 7 4 7
1 9 25 49 81
11 19 12 18 13 17
15 14 15 13 14 15
17 1 2 3 4 5 6
17 10 16 11 15 12
17 18 17 19 18 17
19 19 18 19 18 17
2 1 2 2 2 2 2 3 2 2 4 2
2 2 3 3 3 4 4 4 4
2 5 10 17 26
21 19 22 20 23 21
23 29 22 28 21 27
24 24 25 24 25 26
4 7 10 13 16
5 4 3 4 5 4 3 4 5
5 5 5 5 5 5 4 4 4 4 4 3 3 3 3
6 2 6 7 2 7 8 2 8
1 1 1 1 1 1
1 1 2 2 1 1 1 2 2 3 3 2 1 1 1 2 2 3 3 4 4 3 2 1
1 2 2 3 4 1 2 3 3 4 5 1 2 3 4 4 5 6
1 2 3 1 2 2 3 1 2 2 2 3
1 2 3 4 6 1 2 3 4 5 7 1 2 3 4 5 6 8
2 5 10 17 26 37 50 65
3 4 5 4 3 4 5 4 3 4 5 4
5 6 1 2 3 5 6 7 1 2 3 4 5 6 7 8 1 2 3 4 5
7 7 8 7 8 9 7 8 9 10
7 7 7 7 7 7 7 7
1 0 0 1 1 1 0 0 0 0
1 1 1 2 3 1 2 2 2 3 4 1 2 3 3 3 4 5
1 1 2 1 2 3
1 1 2 3 1 2 2 3 1 2 3 3 1 1 2 3 1 2 2 3
1 1 2 3 1 2 2 3 1 2 3 3 1 2 2 3 1 1 2 3
1 18 1 17 2 18 1 17 2 16 3 18 1 17 2 16
1 18 17 1 2 18 17 16 1 2 3 18 17 16 15
1 2 1 1 2 3 2 1 1 2 3 4 3 2 1
1 2 2 3 3 1 1 2 3 3 4 4 1 1 2 2 3 4 4 5 5
1 2 2 3 3 3
1 2 3 1 2 3
1 2 3 17 3 4 5 17 5 6 7 17
1 2 3 3 4 4 5 5 5 6 6 6
1 2 3 3 4 5 6 1 2 3 4 4 4 5 6 1 2 3 4 5 5 5 5 6
1 2 3 4 18 6 7 8 9
1 2 3 4 5 6
1 4 1 5 1 6
1 4 9 16 25 36
1 7 1 7 1 7 1 7 1 7
1 7 19 1 7 19 1 7 19 1 7 19
1 7 19 2 8 19 20 3 9 19 20 21
1 7 2 8 3 9
1 9 25 49 81
11 19 12 18 13 17
15 14 15 13 14 15
17 1 2 3 4 5 6
17 10 16 11 15 12
17 18 17 19 18 17
19 19 18 19 18 17
2 1 2 2 2 2 2 3 2 2 4 2
2 2 3 3 3 4 4 4 4
2 5 10 17 26
21 19 22 20 23 21
23 29 22 28 21 27
24 24 25 24 25 26
4 7 10 13 16
5 4 3 4 5 4 3 4 5
5 5 5 5 5 5 4 4 4 4 4 3 3 3 3
6 2 6 7 2 7 8 2 8
6 7 7 7 8 7 9 7
1 1 1 1 1 1
1 1 2 2 1 1 1 2 2 3 3 2 1 1 1 2 2 3 3 4 4 3 2 1
1 2 2 3 4 1 2 3 3 4 5 1 2 3 4 4 5 6
1 2 3 1 2 2 3 1 2 2 2 3
1 2 3 4 6 1 2 3 4 5 7 1 2 3 4 5 6 8
2 5 10 17 26 37 50 65
3 4 5 4 3 4 5 4 3 4 5 4
5 6 1 2 3 5 6 7 1 2 3 4 5 6 7 8 1 2 3 4 5
7 7 8 7 8 9 7 8 9 10
7 7 7 7 7 7 7 7
1 0 0 1 1 1 0 0 0 0
1 1 2 1 2 3
1 1 2 3 1 1 1 2 3 4 1 1 1 1 2 3 4 5
1 1 2 3 1 2 2 3 1 2 3 3 1 1 2 3 1 2 2 3
1 1 2 3 1 2 2 3 1 2 3 3 1 2 2 3 1 1 2 3
1 18 1 17 2 18 1 17 2 16 3 18 1 17 2 16
1 18 17 1 2 18 17 16 1 2 3 18 17 16 15
1 2 1 1 2 3 2 1 1 2 3 4 3 2 1
1 2 2 3 3 1 1 2 3 3 4 4 1 1 2 2 3 4 4 5 5
1 2 2 3 3 3
1 2 2 3 4 5 6 1 2 3 3 3 4 5 6 1 2 3 4 4 4 4 5 6
1 2 3 1 2 3
1 2 3 17 3 4 5 17 5 6 7 17
1 2 3 3 4 4 5 5 5 6 6 6
1 2 3 4 18 6 7 8 9
1 2 3 4 5 6
1 4 1 5 1 6
1 4 9 16 25 36
1 7 1 2 8 1 2 3 9
1 7 1 7 1 7 1 7 1 7
1 7 19 1 7 19 1 7 19 1 7 19
1 7 19 2 8 20 21 3 9 22 23 24
1 9 25 49 81
11 19 12 18 13 17
15 14 15 13 14 15
17 1 2 3 4 5 6
17 10 16 11 15 12
17 18 17 19 18 17
19 19 18 19 18 17
2 1 2 2 2 2 2 3 2 2 4 2 2 5 2
2 2 3 3 3 4 4 4 4
2 5 10 17 26
21 19 22 20 23 21
23 29 22 28 21 27
24 24 25 24 25 26
4 7 10 13 16
5 4 3 4 5 4 3 4 5
5 5 5 6 6 6 6 7 7 7 7 7
6 2 6 5 2 5 4 2 4
6 7 7 7 8 7 9 7
1 1 1 1 1 1
1 1 2 2 1 1 1 2 2 3 3 2 1 1 1 2 2 3 3 4 4 3 2 1
1 2 2 3 4 1 2 3 3 4 5 1 2 3 4 4 5 6
1 2 3 1 2 2 3 1 2 2 2 3
1 2 3 4 6 1 2 3 4 5 7 1 2 3 4 5 6 8
2 5 10 17 26 37 50 65
3 4 5 4 3 4 5 4 3 4 5 4
5 6 1 2 3 5 6 7 1 2 3 4 5 6 7 8 1 2 3 4 5
7 7 8 7 8 9 7 8 9 10
7 7 7 7 7 7 7 7
1 0 0 1 1 1 0 0 0 0
1 1 1 2 3 1 2 2 2 3 4 1 2 3 3 3 4 5
1 1 2 1 2 3
1 1 2 2 3 3 3 4 4 5 5
1 1 2 3 1 2 2 3 1 2 3 3 1 1 2 3 1 2 2 3
1 1 2 3 1 2 2 3 1 2 3 3 1 2 2 3 1 1 2 3
1 18 1 17 2 18 1 17 2 16 3 18 1 17 2 16
1 18 17 1 2 18 17 16 1 2 3 18 17 16 15
1 2 1 1 2 3 2 1 1 2 3 4 3 2 1
1 2 2 3 3 1 1 2 3 3 4 4 1 1 2 2 3 4 4 5 5
1 2 3 1 2 3
1 2 3 17 3 4 5 17 5 6 7 17
1 2 3 3 4 4 5 5 5 6 6 6
1 2 3 3 4 5 6 1 2 3 4 4 4 5 6 1 2 3 4 5 5 5 5 6
1 2 3 4 18 5 6 7 8
1 2 3 4 5 6
1 4 1 5 1 6
1 4 9 16 25 36
1 7 1 2 8 1 2 3 9
1 7 1 7 1 7 1 7 1 7
1 7 19 1 7 19 1 7 19 1 7 19
1 7 19 2 8 19 20 3 9 19 20 21
1 9 25 49 81
11 19 12 18 13 17
15 14 15 13 14 15
17 10 16 11 15 12
17 18 17 19 18 17
19 19 18 19 18 17
2 1 2 2 2 2 2 3 2 2 4 2
2 2 3 3 3 4 4 4 4
2 5 10 17 26
21 19 22 20 23 21
23 29 22 28 21 27
24 24 25 24 25 26
3 3 3 4 4 4 4 5 5 5 5 5
4 7 10 13 16
5 4 3 4 5 4 3 4 5
5 5 5 6 6 6 6 7 7 7 7 7
6 2 6 5 2 5 4 2 4
6 7 7 7 8 7 9 7
1 1 1 1 1 1
1 1 2 2 1 1 1 2 2 3 3 2 1 1 1 2 2 3 3 4 4 3 2 1
1 2 2 3 4 1 2 3 3 4 5 1 2 3 4 4 5 6
1 2 3 1 2 2 3 1 2 2 2 3
1 2 3 4 6 1 2 3 4 5 7 1 2 3 4 5 6 8
2 5 10 17 26 37 50 65
3 4 5 4 3 4 5 4 3 4 5 4
5 6 1 2 3 5 6 7 1 2 3 4 5 6 7 8 1 2 3 4 5
7 7 8 7 8 9 7 8 9 10
7 7 7 7 7 7 7 7
1 0 0 1 1 1 0 0 0 0
1 1 1 2 1 3
1 1 1 2 3 1 2 2 2 3 4 1 2 3 3 3 4 5
1 1 2 1 2 3
1 1 2 2 3 3 3 4 4 5 5
1 1 2 3 1 2 2 3 1 2 3 3 1 1 2 3 1 2 2 3
1 1 2 3 1 2 2 3 1 2 3 3 1 2 2 3 1 1 2 3
1 18 1 17 2 18 1 17 2 16 3 18 1 17 2 16
1 18 17 1 2 18 17 16 1 2 3 18 17 16 15
1 2 1 1 2 3 2 1 1 2 3 4 3 2 1
1 2 2 3 3 1 1 2 3 3 4 4 1 1 2 2 3 4 4 5 5
1 2 2 3 4 5 6 1 2 3 3 3 4 5 6 1 2 3 4 4 4 4 5 6
1 2 3 1 2 3
1 2 3 17 3 4 5 17 5 6 7 17
1 2 3 3 4 4 5 5 5 6 6 6
1 2 3 4 18 6 7 8 9
1 2 3 4 5 6
1 4 9 16 25 36
1 7 1 7 1 7 1 7 1 7
1 7 19 1 7 19 1 7 19 1 7 19
1 7 19 2 8 19 20 3 9 19 20 21
1 7 19 2 8 20 3 9 21
1 7 2 7 3 7 4 7
1 9 25 49 81
11 19 12 18 13 17
15 14 15 13 14 15
17 10 16 11 15 12
17 18 17 19 18 17
19 19 18 19 18 17
2 2 3 3 3 4 4 4 4
2 5 10 17 26
21 19 22 20 23 21
23 29 22 28 21 27
24 24 25 24 25 26
3 3 4 4 4 5 5 5 5
4 7 10 13 16
5 4 3 4 5 4 3 4 5
5 5 5 6 6 6 6 7 7 7 7 7
6 2 6 5 2 7 4 2 8
7 1 7 7 2 7 7 3 7 7 4 7
1 1 1 1 1 1
1 1 2 2 1 1 1 2 2 3 3 2 1 1 1 2 2 3 3 4 4 3 2 1
1 2 2 3 4 1 2 3 3 4 5 1 2 3 4 4 5 6
1 2 3 1 2 2 3 1 2 2 2 3
1 2 3 4 6 1 2 3 4 5 7 1 2 3 4 5 6 8
2 5 10 17 26 37 50 65
3 4 5 4 3 4 5 4 3 4 5 4
5 6 1 2 3 5 6 7 1 2 3 4 5 6 7 8 1 2 3 4 5
7 7 8 7 8 9 7 8 9 10
7 7 7 7 7 7 7 7
1 0 0 1 1 1 0 0 0 0
1 1 1 2 1 3
1 1 2 1 2 3
1 1 2 3 1 1 1 2 3 4 1 1 1 1 2 3 4 5
1 1 2 3 1 2 2 3 1 2 3 3 1 1 2 3 1 2 2 3
1 1 2 3 1 2 2 3 1 2 3 3 1 2 2 3 1 1 2 3
1 18 1 17 2 18 1 17 2 16 3 18 1 17 2 16
1 18 17 1 2 18 17 16 1 2 3 18 17 16 15
1 2 1 1 2 3 2 1 1 2 3 4 3 2 1
1 2 2 3 3 1 1 2 3 3 4 4 1 1 2 2 3 4 4 5 5
1 2 2 3 3 3
1 2 2 3 4 5 6 1 2 3 3 3 4 5 6 1 2 3 4 4 4 4 5 6
1 2 3 1 2 3
1 2 3 17 3 4 5 17 5 6 7 17
1 2 3 3 4 4 5 5 5 6 6 6
1 2 3 4 18 5 6 7 8
1 2 3 4 5 6
1 4 9 16 25 36
1 7 1 7 1 7 1 7 1 7
1 7 19 1 7 19 1 7 19 1 7 19
1 7 19 2 8 19 20 3 9 19 20 21
1 7 2 7 3 7 4 7
1 7 2 8 3 9
1 9 25 49 81
11 19 12 18 13 17
15 14 15 13 14 15
17 1 2 3 4 5 6
17 10 16 11 15 12
17 18 17 19 18 17
19 19 18 19 18 17
2 5 10 17 26
21 19 22 20 23 21
23 29 22 28 21 27
24 24 25 24 25 26
3 3 4 4 4 5 5 5 5
4 7 10 13 16
5 4 3 4 5 4 3 4 5
5 5 5 5 5 5 4 4 4 4 4 3 3 3 3
6 2 6 5 2 7 4 2 8
7 1 7 7 2 7 7 3 7 7 4 7
1 1 1 1 1 1
1 1 2 2 1 1 1 2 2 3 3 2 1 1 1 2 2 3 3 4 4 3 2 1
1 2 2 3 4 1 2 3 3 4 5 1 2 3 4 4 5 6
1 2 3 1 2 2 3 1 2 2 2 3
1 2 3 4 6 1 2 3 4 5 7 1 2 3 4 5 6 8
2 5 10 17 26 37 50 65
3 4 5 4 3 4 5 4 3 4 5 4
5 6 1 2 3 5 6 7 1 2 3 4 5 6 7 8 1 2 3 4 5
7 7 8 7 8 9 7 8 9 10
7 7 7 7 7 7 7 7
1 0 0 1 1 1 0 0 0 0
1 1 2 1 2 3
1 1 2 2 3 3 3 4 4 5 5
1 1 2 3 1 2 2 2 3 4 1 2 3 3 3 3 4 5
1 1 2 3 1 2 2 3 1 2 3 3 1 1 2 3 1 2 2 3
1 1 2 3 1 2 2 3 1 2 3 3 1 2 2 3 1 1 2 3
1 18 1 17 2 18 1 17 2 16 3 18 1 17 2 16
1 18 17 1 2 18 17 16 1 2 3 18 17 16 15
1 2 1 1 2 3 2 1 1 2 3 4 3 2 1
1 2 2 3 3 1 1 2 3 3 4 4 1 1 2 2 3 4 4 5 5
1 2 2 3 4 5 6 1 2 3 3 3 4 5 6 1 2 3 4 4 4 4 5 6
1 2 3 1 2 3
1 2 3 17 3 4 5 17 5 6 7 17
1 2 3 3 4 4 5 5 5 6 6 6
1 2 3 4 18 6 7 8 9
1 2 3 4 5 6
1 4 1 5 1 6
1 4 9 16 25 36
1 7 1 7 1 7 1 7 1 7
1 7 19 1 7 19 1 7 19 1 7 19
1 7 19 2 8 19 20 3 9 19 20 21
1 7 19 2 8 20 3 9 21
1 9 25 49 81
11 19 12 18 13 17
15 14 15 13 14 15
17 10 16 11 15 12
17 18 17 19 18 17
19 19 18 19 18 17
2 1 2 2 2 2 2 3 2 2 4 2
2 2 3 3 3 4 4 4 4
2 5 10 17 26
21 19 22 20 23 21
23 29 22 28 21 27
24 24 25 24 25 26
3 3 4 4 4 5 5 5 5
4 7 10 13 16
5 4 3 4 5 4 3 4 5
5 5 5 5 5 5 4 4 4 4 4 3 3 3 3
6 2 6 7 2 5 8 2 4
6 7 7 7 8 7 9 7
1 1 1 1 1 1
1 1 2 2 1 1 1 2 2 3 3 2 1 1 1 2 2 3 3 4 4 3 2 1
1 2 2 3 4 1 2 3 3 4 5 1 2 3 4 4 5 6
1 2 3 1 2 2 3 1 2 2 2 3
1 2 3 4 6 1 2 3 4 5 7 1 2 3 4 5 6 8
2 5 10 17 26 37 50 65
3 4 5 4 3 4 5 4 3 4 5 4
5 6 1 2 3 5 6 7 1 2 3 4 5 6 7 8 1 2 3 4 5
7 7 8 7 8 9 7 8 9 10
7 7 7 7 7 7 7 7
1 0 0 1 1 1 0 0 0 0
1 1 2 1 2 3
1 1 2 3 1 2 2 2 3 4 1 2 3 3 3 3 4 5
1 1 2 3 1 2 2 3 1 2 3 3 1 1 2 3 1 2 2 3
1 1 2 3 1 2 2 3 1 2 3 3 1 2 2 3 1 1 2 3
1 18 1 17 2 18 1 17 2 16 3 18 1 17 2 16
1 18 17 1 2 18 17 16 1 2 3 18 17 16 15
1 2 1 1 2 3 2 1 1 2 3 4 3 2 1
1 2 2 3 3 1 1 2 3 3 4 4 1 1 2 2 3 4 4 5 5
1 2 2 3 3 3
1 2 2 3 4 5 6 1 2 3 3 3 4 5 6 1 2 3 4 4 4 4 5 6
1 2 3 1 2 3
1 2 3 17 3 4 5 17 5 6 7 17
1 2 3 3 4 4 5 5 5 6 6 6
1 2 3 4 18 5 6 7 8
1 2 3 4 5 6
1 4 1 5 1 6
1 4 9 16 25 36
1 7 1 7 1 7 1 7 1 7
1 7 19 1 7 19 1 7 19 1 7 19
1 7 19 2 8 20 21 3 9 22 23 24
1 7 2 7 3 7 4 7
1 7 2 8 3 9
1 9 25 49 81
11 19 12 18 13 17
15 14 15 13 14 15
17 1 2 3 4 5 6
17 10 16 11 15 12
17 18 17 19 18 17
19 19 18 19 18 17
2 1 2 2 2 2 2 3 2 2 4 2
2 5 10 17 26
21 19 22 20 23 21
23 29 22 28 21 27
24 24 25 24 25 26
3 3 3 4 4 4 4 5 5 5 5 5
4 7 10 13 16
5 4 3 4 5 4 3 4 5
5 5 5 4 4 4 4 3 3 3 3 3
6 2 6 5 2 7 4 2 8
1 1 1 1 1 1
1 1 2 2 1 1 1 2 2 3 3 2 1 1 1 2 2 3 3 4 4 3 2 1
1 2 2 3 4 1 2 3 3 4 5 1 2 3 4 4 5 6
1 2 3 1 2 2 3 1 2 2 2 3
1 2 3 4 6 1 2 3 4 5 7 1 2 3 4 5 6 8
2 5 10 17 26 37 50 65
3 4 5 4 3 4 5 4 3 4 5 4
5 6 1 2 3 5 6 7 1 2 3 4 5 6 7 8 1 2 3 4 5
7 7 8 7 8 9 7 8 9 10
7 7 7 7 7 7 7 7
1 0 0 1 1 1 0 0 0 0
1 1 1 2 3 1 2 2 2 3 4 1 2 3 3 3 4 5
1 1 2 1 2 3
1 1 2 3 1 2 2 3 1 2 3 3 1 1 2 3 1 2 2 3
1 1 2 3 1 2 2 3 1 2 3 3 1 2 2 3 1 1 2 3
1 18 1 17 2 18 1 17 2 16 3 18 1 17 2 16
1 18 17 1 2 18 17 16 1 2 3 18 17 16 15
1 2 1 1 2 3 2 1 1 2 3 4 3 2 1
1 2 2 3 3 1 1 2 3 3 4 4 1 1 2 2 3 4 4 5 5
1 2 3 1 2 3
1 2 3 17 3 4 5 17 5 6 7 17
1 2 3 3 4 4 5 5 5 6 6 6
1 2 3 3 4 5 6 1 2 3 4 4 4 5 6 1 2 3 4 5 5 5 5 6
1 2 3 4 18 5 6 7 8
1 2 3 4 5 6
1 4 1 5 1 6
1 4 9 16 25 36
1 7 1 7 1 7 1 7 1 7
1 7 19 1 7 19 1 7 19 1 7 19
1 7 19 2 8 19 20 3 9 19 20 21
1 7 19 2 8 20 3 9 21
1 7 2 7 3 7 4 7
1 9 25 49 81
11 19 12 18 13 17
15 14 15 13 14 15
17 1 2 3 4 5 6
17 10 16 11 15 12
17 18 17 19 18 17
19 19 18 19 18 17
2 1 2 2 2 2 2 3 2 2 4 2 2 5 2
2 2 2 3 3 3 3 4 4 4 4 4
2 2 3 3 3 4 4 4 4
2 5 10 17 26
21 19 22 20 23 21
23 29 22 28 21 27
24 24 25 24 25 26
4 7 10 13 16
5 4 3 4 5 4 3 4 5
5 5 5 5 5 5 6 6 6 6 6 7 7 7 7
6 2 6 7 2 7 8 2 8
1 1 1 1 1 1
1 1 2 2 1 1 1 2 2 3 3 2 1 1 1 2 2 3 3 4 4 3 2 1
1 2 2 3 4 1 2 3 3 4 5 1 2 3 4 4 5 6
1 2 3 1 2 2 3 1 2 2 2 3
1 2 3 4 6 1 2 3 4 5 7 1 2 3 4 5 6 8
2 5 10 17 26 37 50 65
3 4 5 4 3 4 5 4 3 4 5 4
5 6 1 2 3 5 6 7 1 2 3 4 5 6 7 8 1 2 3 4 5
7 7 8 7 8 9 7 8 9 10
7 7 7 7 7 7 7 7
1 0 0 1 1 1 0 0 0 0
1 1 1 2 1 3
1 1 1 2 3 1 1 1 2 3 4 1 1 1 2 3 4 5
1 1 2 1 2 3
1 1 2 2 3 3 3 4 4 5 5
1 1 2 3 1 2 2 3 1 2 3 3 1 1 2 3 1 2 2 3
1 1 2 3 1 2 2 3 1 2 3 3 1 2 2 3 1 1 2 3
1 18 1 17 2 18 1 17 2 16 3 18 1 17 2 16
1 18 17 1 2 18 17 16 1 2 3 18 17 16 15
1 2 1 1 2 3 2 1 1 2 3 4 3 2 1
1 2 2 3 3 1 1 2 3 3 4 4 1 1 2 2 3 4 4 5 5
1 2 2 3 3 3
1 2 3 1 2 3
1 2 3 17 3 4 5 17 5 6 7 17
1 2 3 3 4 4 5 5 5 6 6 6
1 2 3 3 4 5 6 1 2 3 4 4 4 5 6 1 2 3 4 5 5 5 5 6
1 2 3 4 18 5 6 7 8
1 2 3 4 5 6
1 4 9 16 25 36
1 7 1 2 8 1 2 3 9
1 7 1 7 1 7 1 7 1 7
1 7 19 1 7 19 1 7 19 1 7 19
1 7 19 2 8 20 21 3 9 22 23 24
1 7 2 7 3 7 4 7
1 9 25 49 81
11 19 12 18 13 17
15 14 15 13 14 15
17 10 16 11 15 12
17 18 17 19 18 17
19 19 18 19 18 17
2 1 2 2 2 2 2 3 2 2 4 2 2 5 2
2 5 10 17 26
21 19 22 20 23 21
23 29 22 28 21 27
24 24 25 24 25 26
3 3 3 4 4 4 4 5 5 5 5 5
4 7 10 13 16
5 4 3 4 5 4 3 4 5
5 5 5 4 4 4 4 3 3 3 3 3
6 2 6 5 2 7 4 2 8
1 1 1 1 1 1
1 1 2 2 1 1 1 2 2 3 3 2 1 1 1 2 2 3 3 4 4 3 2 1
1 2 2 3 4 1 2 3 3 4 5 1 2 3 4 4 5 6
1 2 3 1 2 2 3 1 2 2 2 3
1 2 3 4 6 1 2 3 4 5 7 1 2 3 4 5 6 8
2 5 10 17 26 37 50 65
3 4 5 4 3 4 5 4 3 4 5 4
5 6 1 2 3 5 6 7 1 2 3 4 5 6 7 8 1 2 3 4 5
7 7 8 7 8 9 7 8 9 10
7 7 7 7 7 7 7 7
1 0 0 1 1 1 0 0 0 0
1 1 1 2 3 1 2 2 2 3 4 1 2 3 3 3 4 5
1 1 2 1 2 3
1 1 2 3 1 2 2 3 1 2 3 3 1 1 2 3 1 2 2 3
1 1 2 3 1 2 2 3 1 2 3 3 1 2 2 3 1 1 2 3
1 18 1 17 2 18 1 17 2 16 3 18 1 17 2 16
1 18 17 1 2 18 17 16 1 2 3 18 17 16 15
1 2 1 1 2 3 2 1 1 2 3 4 3 2 1
1 2 2 3 3 1 1 2 3 3 4 4 1 1 2 2 3 4 4 5 5
1 2 3 1 2 3
1 2 3 17 3 4 5 17 5 6 7 17
1 2 3 3 4 4 5 5 5 6 6 6
1 2 3 3 4 5 6 1 2 3 4 4 4 5 6 1 2 3 4 5 5 5 5 6
1 2 3 4 18 6 7 8 9
1 2 3 4 5 6
1 4 1 5 1 6
1 4 9 16 25 36
1 7 1 7 1 7 1 7 1 7
1 7 19 1 7 19 1 7 19 1 7 19
1 7 19 2 8 20 21 3 9 22 23 24
1 7 2 7 3 7 4 7
1 7 2 8 3 9
1 9 25 49 81
11 19 12 18 13 17
15 14 15 13 14 15
17 1 2 3 4 5 6
17 10 16 11 15 12
17 18 17 19 18 17
19 19 18 19 18 17
2 2 2 3 3 3 3 4 4 4 4 4
2 2 3 3 3 4 4 4 4
2 5 10 17 26
21 19 22 20 23 21
23 29 22 28 21 27
24 24 25 24 25 26
4 7 10 13 16
5 4 3 4 5 4 3 4 5
5 5 5 4 4 4 4 3 3 3 3 3
6 2 6 5 2 7 4 2 8
7 1 7 7 2 7 7 3 7 7 4 7
1 1 1 1 1 1
1 1 2 2 1 1 1 2 2 3 3 2 1 1 1 2 2 3 3 4 4 3 2 1
1 2 2 3 4 1 2 3 3 4 5 1 2 3 4 4 5 6
1 2 3 1 2 2 3 1 2 2 2 3
1 2 3 4 6 1 2 3 4 5 7 1 2 3 4 5 6 8
2 5 10 17 26 37 50 65
3 4 5 4 3 4 5 4 3 4 5 4
5 6 1 2 3 5 6 7 1 2 3 4 5 6 7 8 1 2 3 4 5
7 7 8 7 8 9 7 8 9 10
7 7 7 7 7 7 7 7
1 0 0 1 1 1 0 0 0 0
1 1 1 2 1 3
1 1 1 2 3 1 2 2 2 3 4 1 2 3 3 3 4 5
1 1 2 1 2 3
1 1 2 3 1 2 2 3 1 2 3 3 1 1 2 3 1 2 2 3
1 1 2 3 1 2 2 3 1 2 3 3 1 2 2 3 1 1 2 3
1 18 1 17 2 18 1 17 2 16 3 18 1 17 2 16
1 18 17 1 2 18 17 16 1 2 3 18 17 16 15
1 2 1 1 2 3 2 1 1 2 3 4 3 2 1
1 2 2 3 3 1 1 2 3 3 4 4 1 1 2 2 3 4 4 5 5
1 2 2 3 3 3
1 2 2 3 4 5 6 1 2 3 3 3 4 5 6 1 2 3 4 4 4 4 5 6
1 2 3 1 2 3
1 2 3 17 3 4 5 17 5 6 7 17
1 2 3 3 4 4 5 5 5 6 6 6
1 2 3 4 18 5 6 7 8
1 2 3 4 5 6
1 4 9 16 25 36
1 7 1 7 1 7 1 7 1 7
1 7 19 1 7 19 1 7 19 1 7 19
1 7 19 2 8 20 21 3 9 22 23 24
1 7 19 2 8 20 3 9 21
1 7 2 7 3 7 4 7
1 9 25 49 81
11 19 12 18 13 17
15 14 15 13 14 15
17 1 2 3 4 5 6
17 10 16 11 15 12
17 18 17 19 18 17
19 19 18 19 18 17
2 1 2 2 2 2 2 3 2 2 4 2 2 5 2
2 2 3 3 3 4 4 4 4
2 5 10 17 26
21 19 22 20 23 21
23 29 22 28 21 27
24 24 25 24 25 26
4 7 10 13 16
5 4 3 4 5 4 3 4 5
5 5 5 5 5 5 6 6 6 6 6 7 7 7 7
6 2 6 5 2 5 4 2 4
1 1 1 1 1 1
1 1 2 2 1 1 1 2 2 3 3 2 1 1 1 2 2 3 3 4 4 3 2 1
1 2 2 3 4 1 2 3 3 4 5 1 2 3 4 4 5 6
1 2 3 1 2 2 3 1 2 2 2 3
1 2 3 4 6 1 2 3 4 5 7 1 2 3 4 5 6 8
2 5 10 17 26 37 50 65
3 4 5 4 3 4 5 4 3 4 5 4
5 6 1 2 3 5 6 7 1 2 3 4 5 6 7 8 1 2 3 4 5
7 7 8 7 8 9 7 8 9 10
7 7 7 7 7 7 7 7
1 0 0 1 1 1 0 0 0 0
1 1 1 2 1 3
1 1 1 2 3 1 2 2 2 3 4 1 2 3 3 3 4 5
1 1 2 1 2 3
1 1 2 3 1 2 2 3 1 2 3 3 1 1 2 3 1 2 2 3
1 1 2 3 1 2 2 3 1 2 3 3 1 2 2 3 1 1 2 3
1 18 1 17 2 18 1 17 2 16 3 18 1 17 2 16
1 18 17 1 2 18 17 16 1 2 3 18 17 16 15
1 2 1 1 2 3 2 1 1 2 3 4 3 2 1
1 2 2 3 3 1 1 2 3 3 4 4 1 1 2 2 3 4 4 5 5
1 2 2 3 3 3
1 2 2 3 4 5 6 1 2 3 3 3 4 5 6 1 2 3 4 4 4 4 5 6
1 2 3 1 2 3
1 2 3 17 3 4 5 17 5 6 7 17
1 2 3 3 4 4 5 5 5 6 6 6
1 2 3 4 18 5 6 7 8
1 2 3 4 5 6
1 4 9 16 25 36
1 7 1 7 1 7 1 7 1 7
1 7 19 1 7 19 1 7 19 1 7 19
1 7 19 2 8 20 21 3 9 22 23 24
1 7 2 7 3 7 4 7
1 7 2 8 3 9
1 9 25 49 81
11 19 12 18 13 17
15 14 15 13 14 15
17 1 2 3 4 5 6
17 10 16 11 15 12
17 18 17 19 18 17
19 19 18 19 18 17
2 1 2 2 2 2 2 3 2 2 4 2 2 5 2
2 2 2 3 3 3 3 4 4 4 4 4
2 5 10 17 26
21 19 22 20 23 21
23 29 22 28 21 27
24 24 25 24 25 26
4 7 10 13 16
5 4 3 4 5 4 3 4 5
5 5 5 4 4 4 4 3 3 3 3 3
6 2 6 7 2 5 8 2 4
1 1 1 1 1 1
1 1 2 2 1 1 1 2 2 3 3 2 1 1 1 2 2 3 3 4 4 3 2 1
1 2 2 3 4 1 2 3 3 4 5 1 2 3 4 4 5 6
1 2 3 1 2 2 3 1 2 2 2 3
1 2 3 4 6 1 2 3 4 5 7 1 2 3 4 5 6 8
2 5 10 17 26 37 50 65
3 4 5 4 3 4 5 4 3 4 5 4
5 6 1 2 3 5 6 7 1 2 3 4 5 6 7 8 1 2 3 4 5
7 7 8 7 8 9 7 8 9 10
7 7 7 7 7 7 7 7
1 0 0 1 1 1 0 0 0 0
1 1 1 2 1 3
1 1 2 1 2 3
1 1 2 3 1 2 2 2 3 4 1 2 3 3 3 3 4 5
1 1 2 3 1 2 2 3 1 2 3 3 1 1 2 3 1 2 2 3
1 1 2 3 1 2 2 3 1 2 3 3 1 2 2 3 1 1 2 3
1 18 1 17 2 18 1 17 2 16 3 18 1 17 2 16
1 18 17 1 2 18 17 16 1 2 3 18 17 16 15
1 2 1 1 2 3 2 1 1 2 3 4 3 2 1
1 2 2 3 3 1 1 2 3 3 4 4 1 1 2 2 3 4 4 5 5
1 2 3 1 2 3
1 2 3 17 3 4 5 17 5 6 7 17
1 2 3 3 4 4 5 5 5 6 6 6
1 2 3 3 4 5 6 1 2 3 4 4 4 5 6 1 2 3 4 5 5 5 5 6
1 2 3 4 18 6 7 8 9
1 2 3 4 5 6
1 4 9 16 25 36
1 7 1 7 1 7 1 7 1 7
1 7 19 1 7 19 1 7 19 1 7 19
1 7 19 2 8 20 21 3 9 22 23 24
1 7 19 2 8 20 3 9 21
1 9 25 49 81
11 19 12 18 13 17
15 14 15 13 14 15
17 1 2 3 4 5 6
17 10 16 11 15 12
17 18 17 19 18 17
19 19 18 19 18 17
2 1 2 2 2 2 2 3 2 2 4 2 2 5 2
2 2 3 3 3 4 4 4 4
2 5 10 17 26
21 19 22 20 23 21
23 29 22 28 21 27
24 24 25 24 25 26
3 3 3 4 4 4 4 5 5 5 5 5
4 7 10 13 16
5 4 3 4 5 4 3 4 5
5 5 5 5 5 5 6 6 6 6 6 7 7 7 7
6 2 6 5 2 5 4 2 4
6 7 7 7 8 7 9 7
1 1 1 1 1 1
1 1 2 2 1 1 1 2 2 3 3 2 1 1 1 2 2 3 3 4 4 3 2 1
1 2 2 3 4 1 2 3 3 4 5 1 2 3 4 4 5 6
1 2 3 1 2 2 3 1 2 2 2 3
1 2 3 4 6 1 2 3 4 5 7 1 2 3 4 5 6 8
2 5 10 17 26 37 50 65
3 4 5 4 3 4 5 4 3 4 5 4
5 6 1 2 3 5 6 7 1 2 3 4 5 6 7 8 1 2 3 4 5
7 7 8 7 8 9 7 8 9 10
7 7 7 7 7 7 7 7